8, 8, 8, 0.406464, 0.000252
8, 8, 16, 0.405248, 0.000505
8, 8, 32, 0.403904, 0.001014
8, 8, 64, 0.404512, 0.002025
8, 8, 128, 0.405824, 0.004037
8, 8, 256, 0.455296, 0.007197
8, 8, 512, 0.552384, 0.011864
8, 8, 1024, 0.763040, 0.017178
8, 8, 2048, 1.168192, 0.022440
8, 8, 4096, 1.979104, 0.026491
8, 8, 8192, 3.601056, 0.029119
8, 8, 16384, 6.833920, 0.030687
8, 8, 32768, 13.321280, 0.031486
8, 8, 65536, 26.280096, 0.031920
8, 16, 8, 0.409024, 0.000501
8, 16, 16, 0.407296, 0.001006
8, 16, 32, 0.406944, 0.002013
8, 16, 64, 0.406528, 0.004030
8, 16, 128, 0.407808, 0.008035
8, 16, 256, 0.455744, 0.014380
8, 16, 512, 0.562080, 0.023319
8, 16, 1024, 0.767584, 0.034152
8, 16, 2048, 1.166752, 0.044936
8, 16, 4096, 1.979168, 0.052981
8, 16, 8192, 3.599520, 0.058262
8, 16, 16384, 6.839360, 0.061326
8, 16, 32768, 13.315744, 0.062998
8, 16, 65536, 26.283104, 0.063833
8, 32, 8, 0.431360, 0.000950
8, 32, 16, 0.431072, 0.001900
8, 32, 32, 0.429504, 0.003815
8, 32, 64, 0.432544, 0.007576
8, 32, 128, 0.430784, 0.015213
8, 32, 256, 0.485408, 0.027002
8, 32, 512, 0.585952, 0.044738
8, 32, 1024, 0.791936, 0.066203
8, 32, 2048, 1.200544, 0.087342
8, 32, 4096, 2.007136, 0.104485
8, 32, 8192, 3.627392, 0.115629
8, 32, 16384, 6.868736, 0.122127
8, 32, 32768, 13.346560, 0.125704
8, 32, 65536, 26.322336, 0.127475
8, 64, 8, 0.433728, 0.001889
8, 64, 16, 0.429856, 0.003812
8, 64, 32, 0.430656, 0.007609
8, 64, 64, 0.431072, 0.015203
8, 64, 128, 0.432960, 0.030273
8, 64, 256, 0.489664, 0.053535
8, 64, 512, 0.592864, 0.088433
8, 64, 1024, 0.798368, 0.131340
8, 64, 2048, 1.202112, 0.174456
8, 64, 4096, 1.999584, 0.209759
8, 64, 8192, 3.630880, 0.231035
8, 64, 16384, 6.872768, 0.244111
8, 64, 32768, 13.361632, 0.251125
8, 64, 65536, 26.321312, 0.254960
8, 128, 8, 0.433312, 0.003781
8, 128, 16, 0.433696, 0.007556
8, 128, 32, 0.430944, 0.015208
8, 128, 64, 0.433120, 0.030262
8, 128, 128, 0.435232, 0.060231
8, 128, 256, 0.491776, 0.106611
8, 128, 512, 0.594624, 0.176343
8, 128, 1024, 0.796416, 0.263324
8, 128, 2048, 1.203968, 0.348373
8, 128, 4096, 2.001248, 0.419169
8, 128, 8192, 3.624896, 0.462833
8, 128, 16384, 6.872736, 0.488225
8, 128, 32768, 13.359936, 0.502314
8, 128, 65536, 26.326368, 0.509822
8, 256, 8, 0.438112, 0.007479
8, 256, 16, 0.431776, 0.015178
8, 256, 32, 0.435232, 0.030115
8, 256, 64, 0.436416, 0.060067
8, 256, 128, 0.443328, 0.118262
8, 256, 256, 0.496128, 0.211352
8, 256, 512, 0.600480, 0.349246
8, 256, 1024, 0.789440, 0.531301
8, 256, 2048, 1.204672, 0.696340
8, 256, 4096, 2.011648, 0.834004
8, 256, 8192, 3.630240, 0.924303
8, 256, 16384, 6.874304, 0.976228
8, 256, 32768, 13.361888, 1.004482
8, 256, 65536, 26.328512, 1.019562
8, 512, 8, 0.433440, 0.015120
8, 512, 16, 0.433440, 0.030240
8, 512, 32, 0.436736, 0.060023
8, 512, 64, 0.442208, 0.118561
8, 512, 128, 0.443456, 0.236455
8, 512, 256, 0.498368, 0.420804
8, 512, 512, 0.599200, 0.699984
8, 512, 1024, 0.790880, 1.060668
8, 512, 2048, 1.207424, 1.389505
8, 512, 4096, 2.014624, 1.665543
8, 512, 8192, 3.630336, 1.848558
8, 512, 16384, 6.877312, 1.951602
8, 512, 32768, 13.359360, 2.009344
8, 512, 65536, 33.577538, 1.598899
8, 1024, 8, 0.452320, 0.028978
8, 1024, 16, 0.450016, 0.058252
8, 1024, 32, 0.448608, 0.116870
8, 1024, 64, 0.449632, 0.233208
8, 1024, 128, 0.451712, 0.464267
8, 1024, 256, 0.504416, 0.831517
8, 1024, 512, 0.597344, 1.404318
8, 1024, 1024, 0.805984, 2.081582
8, 1024, 2048, 1.211872, 2.768810
8, 1024, 4096, 2.018368, 3.324907
8, 1024, 8192, 3.641984, 3.685292
8, 1024, 16384, 6.883616, 3.899629
8, 1024, 32768, 15.409088, 3.484119
8, 1024, 65536, 40.923138, 2.623801
8, 2048, 8, 0.450144, 0.058236
8, 2048, 16, 0.448992, 0.116770
8, 2048, 32, 0.451552, 0.232216
8, 2048, 64, 0.452160, 0.463808
8, 2048, 128, 0.452448, 0.927025
8, 2048, 256, 0.506496, 1.656204
8, 2048, 512, 0.599840, 2.796949
8, 2048, 1024, 0.807168, 4.157057
8, 2048, 2048, 1.207136, 5.559346
8, 2048, 4096, 2.027008, 6.621470
8, 2048, 8192, 3.653472, 7.347407
8, 2048, 16384, 7.034400, 7.632078
8, 2048, 32768, 21.231039, 5.057415
8, 2048, 65536, 41.912354, 5.123749
8, 4096, 8, 0.456000, 0.114975
8, 4096, 16, 0.455712, 0.230096
8, 4096, 32, 0.456224, 0.459676
8, 4096, 64, 0.455264, 0.921290
8, 4096, 128, 0.465344, 1.802668
8, 4096, 256, 0.519520, 3.229369
8, 4096, 512, 0.621344, 5.400299
8, 4096, 1024, 0.819296, 8.191040
8, 4096, 2048, 1.229536, 10.916128
8, 4096, 4096, 2.035200, 13.189634
8, 4096, 8192, 3.718880, 14.436360
8, 4096, 16384, 11.555296, 9.292205
8, 4096, 32768, 22.571264, 9.514237
8, 4096, 65536, 44.684608, 9.611738
8, 8192, 8, 0.502144, 0.208820
8, 8192, 16, 0.502400, 0.417427
8, 8192, 32, 0.502016, 0.835492
8, 8192, 64, 0.503040, 1.667583
8, 8192, 128, 0.505696, 3.317649
8, 8192, 256, 0.599264, 5.599274
8, 8192, 512, 0.775136, 8.657689
8, 8192, 1024, 1.112672, 12.062650
8, 8192, 2048, 1.778592, 15.092582
8, 8192, 4096, 3.146240, 17.063889
8, 8192, 8192, 6.731936, 15.949971
8, 8192, 16384, 12.921888, 16.618961
8, 8192, 32768, 25.287519, 16.984534
8, 8192, 65536, 50.014526, 17.174879
8, 16384, 8, 0.641632, 0.326847
8, 16384, 16, 0.641184, 0.654150
8, 16384, 32, 0.641632, 1.307386
8, 16384, 64, 0.642496, 2.611256
8, 16384, 128, 0.642336, 5.223813
8, 16384, 256, 0.803648, 8.350530
8, 16384, 512, 1.122656, 11.955375
8, 16384, 1024, 1.747104, 15.364595
8, 16384, 2048, 3.012928, 17.818909
8, 16384, 4096, 6.200352, 17.317433
8, 16384, 8192, 11.872800, 18.087424
8, 16384, 16384, 23.309280, 18.425997
8, 16384, 32768, 45.852417, 18.733875
8, 16384, 65536, 91.471619, 18.781639
8, 32768, 8, 0.992320, 0.422677
8, 32768, 16, 0.988512, 0.848610
8, 32768, 32, 0.987840, 1.698374
8, 32768, 64, 0.997344, 3.364379
8, 32768, 128, 1.012032, 6.631101
8, 32768, 256, 1.302752, 10.302631
8, 32768, 512, 1.908576, 14.064698
8, 32768, 1024, 3.248320, 16.527648
8, 32768, 2048, 6.016448, 17.846773
8, 32768, 4096, 11.237728, 19.109589
8, 32768, 8192, 21.834496, 19.670559
8, 32768, 16384, 43.814304, 19.605320
8, 32768, 32768, 87.654785, 19.599465
8, 32768, 65536, 176.445984, 19.473233
8, 65536, 8, 1.860576, 0.450861
8, 65536, 16, 1.982496, 0.846267
8, 65536, 32, 1.995680, 1.681353
8, 65536, 64, 2.010336, 3.338192
8, 65536, 128, 2.022208, 6.637187
8, 65536, 256, 2.739072, 9.800233
8, 65536, 512, 4.294560, 12.501186
8, 65536, 1024, 7.344832, 14.619011
8, 65536, 2048, 12.788288, 16.792581
8, 65536, 4096, 23.615648, 18.186955
8, 65536, 8192, 50.129601, 17.135454
8, 65536, 16384, 100.353699, 17.119318
8, 65536, 32768, 201.470947, 17.054438
8, 65536, 65536, 370.529358, 18.546297
16, 8, 8, 0.426752, 0.000480
16, 8, 16, 0.426752, 0.000960
16, 8, 32, 0.427264, 0.001917
16, 8, 64, 0.429536, 0.003814
16, 8, 128, 0.428576, 0.007646
16, 8, 256, 0.481152, 0.013621
16, 8, 512, 0.597440, 0.021939
16, 8, 1024, 0.816192, 0.032118
16, 8, 2048, 1.250720, 0.041919
16, 8, 4096, 2.142880, 0.048933
16, 8, 8192, 3.911584, 0.053614
16, 8, 16384, 7.352864, 0.057043
16, 8, 32768, 13.863520, 0.060509
16, 8, 65536, 26.898497, 0.062372
16, 16, 8, 0.408384, 0.001003
16, 16, 16, 0.406304, 0.002016
16, 16, 32, 0.408704, 0.004009
16, 16, 64, 0.407392, 0.008043
16, 16, 128, 0.408960, 0.016025
16, 16, 256, 0.465280, 0.028171
16, 16, 512, 0.570688, 0.045935
16, 16, 1024, 0.768928, 0.068184
16, 16, 2048, 1.176896, 0.089097
16, 16, 4096, 2.003808, 0.104658
16, 16, 8192, 3.630912, 0.115517
16, 16, 16384, 6.891296, 0.121728
16, 16, 32768, 13.425536, 0.124965
16, 16, 65536, 26.614368, 0.126076
16, 32, 8, 0.434368, 0.001886
16, 32, 16, 0.431904, 0.003793
16, 32, 32, 0.431424, 0.007595
16, 32, 64, 0.432928, 0.015138
16, 32, 128, 0.434464, 0.030169
16, 32, 256, 0.491104, 0.053379
16, 32, 512, 0.595968, 0.087973
16, 32, 1024, 0.811008, 0.129293
16, 32, 2048, 1.201152, 0.174595
16, 32, 4096, 2.028352, 0.206784
16, 32, 8192, 3.675872, 0.228207
16, 32, 16384, 6.959360, 0.241074
16, 32, 32768, 13.531264, 0.247977
16, 32, 65536, 26.674976, 0.251580
16, 64, 8, 0.434400, 0.003772
16, 64, 16, 0.432928, 0.007569
16, 64, 32, 0.434432, 0.015085
16, 64, 64, 0.436608, 0.030021
16, 64, 128, 0.441216, 0.059414
16, 64, 256, 0.498848, 0.105100
16, 64, 512, 0.601728, 0.174261
16, 64, 1024, 0.803808, 0.260902
16, 64, 2048, 1.217728, 0.344437
16, 64, 4096, 2.030176, 0.413196
16, 64, 8192, 3.671840, 0.456916
16, 64, 16384, 6.970112, 0.481404
16, 64, 32768, 13.555840, 0.495055
16, 64, 65536, 26.716127, 0.502385
16, 128, 8, 0.433088, 0.007566
16, 128, 16, 0.431488, 0.015188
16, 128, 32, 0.433120, 0.030262
16, 128, 64, 0.438368, 0.059800
16, 128, 128, 0.444000, 0.118083
16, 128, 256, 0.500640, 0.209447
16, 128, 512, 0.602016, 0.348355
16, 128, 1024, 0.804160, 0.521576
16, 128, 2048, 1.215648, 0.690052
16, 128, 4096, 2.036000, 0.824028
16, 128, 8192, 3.674272, 0.913227
16, 128, 16384, 6.973664, 0.962319
16, 128, 32768, 13.547616, 0.990711
16, 128, 65536, 26.705824, 1.005157
16, 256, 8, 0.434976, 0.015067
16, 256, 16, 0.440544, 0.029752
16, 256, 32, 0.442016, 0.059306
16, 256, 64, 0.443168, 0.118305
16, 256, 128, 0.446592, 0.234795
16, 256, 256, 0.501376, 0.418279
16, 256, 512, 0.600384, 0.698604
16, 256, 1024, 0.809632, 1.036101
16, 256, 2048, 1.223552, 1.371189
16, 256, 4096, 2.037856, 1.646556
16, 256, 8192, 3.679136, 1.824039
16, 256, 16384, 6.969216, 1.925866
16, 256, 32768, 13.548608, 1.981277
16, 256, 65536, 26.582369, 2.019650
16, 512, 8, 0.443584, 0.029548
16, 512, 16, 0.439104, 0.059700
16, 512, 32, 0.442048, 0.118604
16, 512, 64, 0.444000, 0.236166
16, 512, 128, 0.447552, 0.468583
16, 512, 256, 0.502944, 0.833951
16, 512, 512, 0.601504, 1.394605
16, 512, 1024, 0.805056, 2.083981
16, 512, 2048, 1.215520, 2.760500
16, 512, 4096, 2.026208, 3.312042
16, 512, 8192, 3.667520, 3.659632
16, 512, 16384, 6.926112, 3.875702
16, 512, 32768, 13.461312, 3.988251
16, 512, 65536, 34.674240, 3.096656
16, 1024, 8, 0.449120, 0.058368
16, 1024, 16, 0.448128, 0.116995
16, 1024, 32, 0.449440, 0.233307
16, 1024, 64, 0.452384, 0.463578
16, 1024, 128, 0.453536, 0.924801
16, 1024, 256, 0.507776, 1.652029
16, 1024, 512, 0.606464, 2.766399
16, 1024, 1024, 0.814720, 4.118523
16, 1024, 2048, 1.223296, 5.485905
16, 1024, 4096, 2.028320, 6.617187
16, 1024, 8192, 3.672448, 7.309442
16, 1024, 16384, 6.938432, 7.737640
16, 1024, 32768, 17.753056, 6.048209
16, 1024, 65536, 41.036865, 5.233060
16, 2048, 8, 0.449632, 0.116604
16, 2048, 16, 0.448128, 0.233990
16, 2048, 32, 0.448096, 0.468014
16, 2048, 64, 0.458432, 0.914924
16, 2048, 128, 0.456864, 1.836128
16, 2048, 256, 0.517920, 3.239345
16, 2048, 512, 0.623296, 5.383386
16, 2048, 1024, 0.820512, 8.178901
16, 2048, 2048, 1.233568, 10.880449
16, 2048, 4096, 2.055168, 13.061485
16, 2048, 8192, 3.676800, 14.601580
16, 2048, 16384, 7.690688, 13.961583
16, 2048, 32768, 21.278849, 10.092105
16, 2048, 65536, 41.978111, 10.231445
16, 4096, 8, 0.454944, 0.230485
16, 4096, 16, 0.467328, 0.448754
16, 4096, 32, 0.468928, 0.894445
16, 4096, 64, 0.481088, 1.743674
16, 4096, 128, 0.491584, 3.412889
16, 4096, 256, 0.560064, 5.991178
16, 4096, 512, 0.675520, 9.934401
16, 4096, 1024, 0.890784, 15.067370
16, 4096, 2048, 1.299872, 20.650914
16, 4096, 4096, 2.119104, 25.334808
16, 4096, 8192, 3.818368, 28.120439
16, 4096, 16384, 11.596352, 18.518614
16, 4096, 32768, 22.652449, 18.960278
16, 4096, 65536, 44.793663, 19.176674
16, 8192, 8, 0.500832, 0.418734
16, 8192, 16, 0.499872, 0.839076
16, 8192, 32, 0.510080, 1.644567
16, 8192, 64, 0.528480, 3.174617
16, 8192, 128, 0.550688, 6.093183
16, 8192, 256, 0.628832, 10.671986
16, 8192, 512, 0.803840, 16.697070
16, 8192, 1024, 1.142720, 23.490922
16, 8192, 2048, 1.822240, 29.462141
16, 8192, 4096, 3.163968, 33.936557
16, 8192, 8192, 6.819104, 31.492167
16, 8192, 16384, 13.041856, 32.932179
16, 8192, 32768, 25.476641, 33.716904
16, 8192, 65536, 50.270721, 34.174702
16, 16384, 8, 0.644224, 0.651063
16, 16384, 16, 0.645984, 1.298578
16, 16384, 32, 0.641088, 2.616991
16, 16384, 64, 0.653376, 5.135547
16, 16384, 128, 0.691712, 9.701850
16, 16384, 256, 0.847776, 15.831744
16, 16384, 512, 1.170976, 22.924078
16, 16384, 1024, 1.799264, 29.838363
16, 16384, 2048, 3.060736, 35.081165
16, 16384, 4096, 6.240480, 34.412155
16, 16384, 8192, 11.971232, 35.877403
16, 16384, 16384, 23.425665, 36.668904
16, 16384, 32768, 46.154625, 37.222422
16, 16384, 65536, 93.737312, 36.655348
16, 32768, 8, 1.015712, 0.825884
16, 32768, 16, 1.011104, 1.659297
16, 32768, 32, 1.016800, 3.300003
16, 32768, 64, 1.036064, 6.477289
16, 32768, 128, 1.062560, 12.631544
16, 32768, 256, 1.355904, 19.797527
16, 32768, 512, 1.957376, 27.428093
16, 32768, 1024, 3.323744, 32.305190
16, 32768, 2048, 6.101664, 35.195049
16, 32768, 4096, 11.405280, 37.657710
16, 32768, 8192, 22.093727, 38.879518
16, 32768, 16384, 44.387680, 38.704139
16, 32768, 32768, 89.574913, 38.358662
16, 32768, 65536, 181.125092, 37.940341
16, 65536, 8, 1.977216, 0.848527
16, 65536, 16, 1.990080, 1.686085
16, 65536, 32, 2.030272, 3.305412
16, 65536, 64, 2.054912, 6.531556
16, 65536, 128, 2.089824, 12.844884
16, 65536, 256, 2.823136, 19.016827
16, 65536, 512, 4.421184, 24.286295
16, 65536, 1024, 7.155168, 30.013043
16, 65536, 2048, 12.488096, 34.392490
16, 65536, 4096, 24.221664, 35.463849
16, 65536, 8192, 51.217918, 33.542693
16, 65536, 16384, 102.393150, 33.556677
16, 65536, 32768, 204.317596, 33.633656
16, 65536, 65536, 377.000092, 36.455947
32, 8, 8, 0.431264, 0.000950
32, 8, 16, 0.428064, 0.001914
32, 8, 32, 0.430496, 0.003806
32, 8, 64, 0.431360, 0.007596
32, 8, 128, 0.430048, 0.015239
32, 8, 256, 0.497184, 0.026363
32, 8, 512, 0.610880, 0.042913
32, 8, 1024, 0.841568, 0.062299
32, 8, 2048, 1.311744, 0.079938
32, 8, 4096, 2.248448, 0.093271
32, 8, 8192, 4.121120, 0.101776
32, 8, 16384, 8.463520, 0.099115
32, 8, 32768, 14.775808, 0.113545
32, 8, 65536, 27.565727, 0.121725
32, 16, 8, 0.404000, 0.002028
32, 16, 16, 0.403872, 0.004057
32, 16, 32, 0.404672, 0.008097
32, 16, 64, 0.405632, 0.016157
32, 16, 128, 0.405472, 0.032326
32, 16, 256, 0.456000, 0.057488
32, 16, 512, 0.566848, 0.092492
32, 16, 1024, 0.768704, 0.136408
32, 16, 2048, 1.190112, 0.176215
32, 16, 4096, 2.023840, 0.207245
32, 16, 8192, 3.681824, 0.227838
32, 16, 16384, 6.958144, 0.241116
32, 16, 32768, 13.548224, 0.247667
32, 16, 65536, 26.569376, 0.252580
32, 32, 8, 0.408864, 0.004007
32, 32, 16, 0.409120, 0.008009
32, 32, 32, 0.407712, 0.016074
32, 32, 64, 0.408800, 0.032063
32, 32, 128, 0.417792, 0.062745
32, 32, 256, 0.478688, 0.109526
32, 32, 512, 0.573824, 0.182735
32, 32, 1024, 0.794560, 0.263939
32, 32, 2048, 1.231552, 0.340571
32, 32, 4096, 2.087616, 0.401827
32, 32, 8192, 3.825088, 0.438610
32, 32, 16384, 7.275520, 0.461196
32, 32, 32768, 14.196608, 0.472711
32, 32, 65536, 28.023329, 0.478950
32, 64, 8, 0.407456, 0.008042
32, 64, 16, 0.406592, 0.016118
32, 64, 32, 0.409920, 0.031975
32, 64, 64, 0.414336, 0.063268
32, 64, 128, 0.423296, 0.123858
32, 64, 256, 0.478784, 0.219008
32, 64, 512, 0.588896, 0.356116
32, 64, 1024, 0.804640, 0.521265
32, 64, 2048, 1.229920, 0.682045
32, 64, 4096, 2.104320, 0.797275
32, 64, 8192, 3.839232, 0.873988
32, 64, 16384, 7.304128, 0.918780
32, 64, 32768, 14.247552, 0.942041
32, 64, 65536, 28.126335, 0.954392
32, 128, 8, 0.417600, 0.015693
32, 128, 16, 0.418912, 0.031289
32, 128, 32, 0.409696, 0.063985
32, 128, 64, 0.416960, 0.125741
32, 128, 128, 0.424576, 0.246970
32, 128, 256, 0.480832, 0.436151
32, 128, 512, 0.585472, 0.716397
32, 128, 1024, 0.803264, 1.044315
32, 128, 2048, 1.235072, 1.358400
32, 128, 4096, 2.106304, 1.593048
32, 128, 8192, 3.849408, 1.743355
32, 128, 16384, 7.318464, 1.833960
32, 128, 32768, 14.272512, 1.880786
32, 128, 65536, 28.175455, 1.905456
32, 256, 8, 0.412704, 0.031759
32, 256, 16, 0.416800, 0.062894
32, 256, 32, 0.419552, 0.124964
32, 256, 64, 0.417984, 0.250865
32, 256, 128, 0.427200, 0.490906
32, 256, 256, 0.479136, 0.875389
32, 256, 512, 0.592704, 1.415312
32, 256, 1024, 0.809024, 2.073760
32, 256, 2048, 1.243648, 2.698065
32, 256, 4096, 2.103968, 3.189633
32, 256, 8192, 3.853184, 3.483294
32, 256, 16384, 7.321760, 3.666269
32, 256, 32768, 14.277248, 3.760325
32, 256, 65536, 28.143936, 3.815180
32, 512, 8, 0.418848, 0.062587
32, 512, 16, 0.421152, 0.124489
32, 512, 32, 0.419104, 0.250195
32, 512, 64, 0.428192, 0.489769
32, 512, 128, 0.428576, 0.978661
32, 512, 256, 0.480352, 1.746346
32, 512, 512, 0.598016, 2.805479
32, 512, 1024, 0.815808, 4.113031
32, 512, 2048, 1.245856, 5.386566
32, 512, 4096, 2.106304, 6.372192
32, 512, 8192, 3.849984, 6.972379
32, 512, 16384, 7.317216, 7.337093
32, 512, 32768, 14.256512, 7.531589
32, 512, 65536, 37.619202, 5.708477
32, 1024, 8, 0.425984, 0.123077
32, 1024, 16, 0.424128, 0.247231
32, 1024, 32, 0.429824, 0.487909
32, 1024, 64, 0.431360, 0.972344
32, 1024, 128, 0.434112, 1.932360
32, 1024, 256, 0.498944, 3.362545
32, 1024, 512, 0.608544, 5.513888
32, 1024, 1024, 0.825696, 8.127551
32, 1024, 2048, 1.253504, 10.707403
32, 1024, 4096, 2.132896, 12.585492
32, 1024, 8192, 3.878624, 13.841788
32, 1024, 16384, 7.348256, 14.612199
32, 1024, 32768, 18.566879, 11.566207
32, 1024, 65536, 42.311550, 10.150815
32, 2048, 8, 0.433696, 0.241777
32, 2048, 16, 0.433376, 0.483910
32, 2048, 32, 0.451424, 0.929127
32, 2048, 64, 0.454144, 1.847125
32, 2048, 128, 0.456992, 3.671228
32, 2048, 256, 0.522688, 6.419591
32, 2048, 512, 0.637568, 10.525758
32, 2048, 1024, 0.858080, 15.641633
32, 2048, 2048, 1.290752, 20.796826
32, 2048, 4096, 2.159712, 24.858448
32, 2048, 8192, 3.907424, 27.479532
32, 2048, 16384, 9.094016, 23.614250
32, 2048, 32768, 22.249216, 19.303904
32, 2048, 65536, 43.792290, 19.615176
32, 4096, 8, 0.456352, 0.459547
32, 4096, 16, 0.456288, 0.919223
32, 4096, 32, 0.490208, 1.711234
32, 4096, 64, 0.494336, 3.393889
32, 4096, 128, 0.505312, 6.640339
32, 4096, 256, 0.593344, 11.310280
32, 4096, 512, 0.737792, 18.191811
32, 4096, 1024, 0.973664, 27.569619
32, 4096, 2048, 1.427840, 37.600215
32, 4096, 4096, 2.320928, 46.263468
32, 4096, 8192, 4.127584, 52.027619
32, 4096, 16384, 12.058368, 35.618148
32, 4096, 32768, 23.462080, 36.611991
32, 4096, 65536, 46.272705, 37.127436
32, 8192, 8, 0.492608, 0.851449
32, 8192, 16, 0.496768, 1.688637
32, 8192, 32, 0.528640, 3.173656
32, 8192, 64, 0.542912, 6.180455
32, 8192, 128, 0.553472, 12.125070
32, 8192, 256, 0.655680, 20.470005
32, 8192, 512, 0.821248, 32.686284
32, 8192, 1024, 1.177568, 45.591501
32, 8192, 2048, 1.877536, 57.188879
32, 8192, 4096, 3.282336, 65.425467
32, 8192, 8192, 6.924608, 62.024697
32, 8192, 16384, 13.163680, 65.254811
32, 8192, 32768, 25.607264, 67.089828
32, 8192, 65536, 50.456448, 68.097815
32, 16384, 8, 0.622176, 1.348269
32, 16384, 16, 0.620992, 2.701680
32, 16384, 32, 0.643872, 5.211351
32, 16384, 64, 0.665248, 10.087797
32, 16384, 128, 0.685760, 19.572113
32, 16384, 256, 0.848928, 31.620522
32, 16384, 512, 1.177824, 45.581590
32, 16384, 1024, 1.831456, 58.627772
32, 16384, 2048, 3.151264, 68.146740
32, 16384, 4096, 6.296416, 68.212892
32, 16384, 8192, 12.157056, 70.658017
32, 16384, 16384, 23.881824, 71.937005
32, 16384, 32768, 47.869408, 71.778073
32, 16384, 65536, 95.860062, 71.687286
32, 32768, 8, 0.992992, 1.689562
32, 32768, 16, 0.992512, 3.380758
32, 32768, 32, 1.013984, 6.618336
32, 32768, 64, 1.028512, 13.049700
32, 32768, 128, 1.054944, 25.445469
32, 32768, 256, 1.378528, 38.945231
32, 32768, 512, 2.039968, 52.635228
32, 32768, 1024, 3.510752, 61.168766
32, 32768, 2048, 6.315520, 68.006553
32, 32768, 4096, 11.707840, 73.369081
32, 32768, 8192, 22.616640, 75.961191
32, 32768, 16384, 46.254719, 74.283747
32, 32768, 32768, 92.867775, 73.997118
32, 32768, 65536, 195.818008, 70.187086
32, 65536, 8, 1.999328, 1.678285
32, 65536, 16, 1.999936, 3.355551
32, 65536, 32, 2.021696, 6.638868
32, 65536, 64, 2.050944, 13.088385
32, 65536, 128, 2.101152, 25.551266
32, 65536, 256, 2.735488, 39.252296
32, 65536, 512, 4.197952, 51.155510
32, 65536, 1024, 7.142880, 60.129350
32, 65536, 2048, 12.673568, 67.778346
32, 65536, 4096, 25.273056, 67.977015
32, 65536, 8192, 53.020927, 64.804107
32, 65536, 16384, 105.901314, 64.890108
32, 65536, 32768, 211.954941, 64.843477
32, 65536, 65536, 391.026001, 70.296580
64, 8, 8, 0.474400, 0.001727
64, 8, 16, 0.472640, 0.003466
64, 8, 32, 0.474432, 0.006907
64, 8, 64, 0.479232, 0.013675
64, 8, 128, 0.486528, 0.026940
64, 8, 256, 0.555072, 0.047227
64, 8, 512, 0.682944, 0.076769
64, 8, 1024, 0.960032, 0.109223
64, 8, 2048, 1.501088, 0.139709
64, 8, 4096, 2.544800, 0.164819
64, 8, 8192, 4.660448, 0.179996
64, 8, 16384, 8.608864, 0.194883
64, 8, 32768, 15.117280, 0.221961
64, 8, 65536, 27.884640, 0.240666
64, 16, 8, 0.408416, 0.004012
64, 16, 16, 0.406816, 0.008055
64, 16, 32, 0.406240, 0.016132
64, 16, 64, 0.407328, 0.032178
64, 16, 128, 0.408640, 0.064150
64, 16, 256, 0.465888, 0.112535
64, 16, 512, 0.573792, 0.182745
64, 16, 1024, 0.781248, 0.268436
64, 16, 2048, 1.207584, 0.347330
64, 16, 4096, 2.041792, 0.410845
64, 16, 8192, 3.677728, 0.456184
64, 16, 16384, 6.956416, 0.482352
64, 16, 32768, 13.507104, 0.496841
64, 16, 65536, 26.522816, 0.506046
64, 32, 8, 0.408960, 0.008013
64, 32, 16, 0.406688, 0.016115
64, 32, 32, 0.408800, 0.032063
64, 32, 64, 0.411040, 0.063776
64, 32, 128, 0.419232, 0.125059
64, 32, 256, 0.478816, 0.218994
64, 32, 512, 0.577344, 0.363241
64, 32, 1024, 0.793152, 0.528815
64, 32, 2048, 1.232928, 0.680381
64, 32, 4096, 2.094432, 0.801039
64, 32, 8192, 3.817344, 0.878999
64, 32, 16384, 7.271200, 0.922941
64, 32, 32768, 14.174784, 0.946877
64, 32, 65536, 27.999840, 0.958704
64, 64, 8, 0.408992, 0.016024
64, 64, 16, 0.407744, 0.032146
64, 64, 32, 0.408896, 0.064110
64, 64, 64, 0.416224, 0.125963
64, 64, 128, 0.422432, 0.248224
64, 64, 256, 0.480384, 0.436557
64, 64, 512, 0.583488, 0.718833
64, 64, 1024, 0.795488, 1.054524
64, 64, 2048, 1.233472, 1.360162
64, 64, 4096, 2.099936, 1.597879
64, 64, 8192, 3.821952, 1.755879
64, 64, 16384, 7.281120, 1.843367
64, 64, 32768, 14.194528, 1.891119
64, 64, 65536, 28.034143, 1.915061
64, 128, 8, 0.413056, 0.031732
64, 128, 16, 0.409408, 0.064030
64, 128, 32, 0.415712, 0.126118
64, 128, 64, 0.417984, 0.250865
64, 128, 128, 0.425952, 0.492345
64, 128, 256, 0.482976, 0.868429
64, 128, 512, 0.591648, 1.417838
64, 128, 1024, 0.805120, 2.083816
64, 128, 2048, 1.227520, 2.733514
64, 128, 4096, 2.105280, 3.187646
64, 128, 8192, 3.830240, 3.504160
64, 128, 16384, 7.286944, 3.683786
64, 128, 32768, 14.206496, 3.779052
64, 128, 65536, 28.035168, 3.829982
64, 256, 8, 0.419648, 0.062468
64, 256, 16, 0.418016, 0.125423
64, 256, 32, 0.417856, 0.250942
64, 256, 64, 0.420160, 0.499132
64, 256, 128, 0.430208, 0.974948
64, 256, 256, 0.479808, 1.748326
64, 256, 512, 0.593056, 2.828943
64, 256, 1024, 0.807136, 4.157222
64, 256, 2048, 1.238368, 5.419137
64, 256, 4096, 2.102240, 6.384510
64, 256, 8192, 3.835840, 6.998088
64, 256, 16384, 7.311104, 7.343226
64, 256, 32768, 14.248128, 7.536020
64, 256, 65536, 28.042112, 7.658067
64, 512, 8, 0.427552, 0.122626
64, 512, 16, 0.427008, 0.245564
64, 512, 32, 0.426432, 0.491790
64, 512, 64, 0.430720, 0.973789
64, 512, 128, 0.433760, 1.933928
64, 512, 256, 0.490304, 3.421799
64, 512, 512, 0.602176, 5.572197
64, 512, 1024, 0.818144, 8.202573
64, 512, 2048, 1.254336, 10.700301
64, 512, 4096, 2.120544, 12.658802
64, 512, 8192, 3.854656, 13.927855
64, 512, 16384, 7.325056, 14.658479
64, 512, 32768, 14.265792, 15.053378
64, 512, 65536, 40.849953, 10.514008
64, 1024, 8, 0.427936, 0.245031
64, 1024, 16, 0.431936, 0.485524
64, 1024, 32, 0.432800, 0.969109
64, 1024, 64, 0.432512, 1.939509
64, 1024, 128, 0.449024, 3.736374
64, 1024, 256, 0.507136, 6.616457
64, 1024, 512, 0.619488, 10.832956
64, 1024, 1024, 0.837024, 16.035112
64, 1024, 2048, 1.268736, 21.157708
64, 1024, 4096, 2.139744, 25.090427
64, 1024, 8192, 3.871328, 27.735748
64, 1024, 16384, 7.347104, 29.228981
64, 1024, 32768, 20.006912, 21.467417
64, 1024, 65536, 42.522530, 20.200902
64, 2048, 8, 0.443616, 0.472740
64, 2048, 16, 0.468832, 0.894628
64, 2048, 32, 0.458368, 1.830103
64, 2048, 64, 0.466144, 3.599149
64, 2048, 128, 0.491040, 6.833340
64, 2048, 256, 0.567904, 11.816938
64, 2048, 512, 0.693312, 19.358922
64, 2048, 1024, 0.923040, 29.081672
64, 2048, 2048, 1.359296, 39.496249
64, 2048, 4096, 2.236640, 48.006914
64, 2048, 8192, 3.973152, 54.049875
64, 2048, 16384, 7.823744, 54.896574
64, 2048, 32768, 22.525663, 38.133992
64, 2048, 65536, 44.290176, 38.789345
64, 4096, 8, 0.482144, 0.869928
64, 4096, 16, 0.504832, 1.661663
64, 4096, 32, 0.504864, 3.323116
64, 4096, 64, 0.510208, 6.576618
64, 4096, 128, 0.551040, 12.178583
64, 4096, 256, 0.631648, 21.248817
64, 4096, 512, 0.813120, 33.013018
64, 4096, 1024, 1.168992, 45.925968
64, 4096, 2048, 1.867552, 57.494613
64, 4096, 4096, 3.262848, 65.816235
64, 4096, 8192, 6.145440, 69.888685
64, 4096, 16384, 12.799904, 67.109368
64, 4096, 32768, 24.945215, 68.870399
64, 4096, 65536, 49.325535, 69.659130
64, 8192, 8, 0.622880, 1.346745
64, 8192, 16, 0.621216, 2.700706
64, 8192, 32, 0.620160, 5.410609
64, 8192, 64, 0.628672, 10.674702
64, 8192, 128, 0.678496, 19.781653
64, 8192, 256, 0.837216, 32.062867
64, 8192, 512, 1.173760, 45.739409
64, 8192, 1024, 1.827360, 58.759183
64, 8192, 2048, 3.102208, 69.224363
64, 8192, 4096, 5.820800, 73.786549
64, 8192, 8192, 11.878880, 72.312667
64, 8192, 16384, 23.354336, 73.561797
64, 8192, 32768, 45.885983, 74.880686
64, 8192, 65536, 90.682495, 75.780311
64, 16384, 8, 0.935712, 1.792989
64, 16384, 16, 0.945696, 3.548120
64, 16384, 32, 0.950144, 7.063020
64, 16384, 64, 0.964704, 13.912841
64, 16384, 128, 1.012256, 26.518534
64, 16384, 256, 1.313504, 40.873185
64, 16384, 512, 1.939648, 55.357560
64, 16384, 1024, 3.176704, 67.601001
64, 16384, 2048, 5.902016, 72.771188
64, 16384, 4096, 11.189792, 76.765813
64, 16384, 8192, 21.794304, 78.827336
64, 16384, 16384, 42.788418, 80.301493
64, 16384, 32768, 86.478752, 79.464001
64, 16384, 65536, 171.386307, 80.192494
64, 32768, 8, 1.583040, 2.119620
64, 32768, 16, 1.596032, 4.204732
64, 32768, 32, 1.605632, 8.359184
64, 32768, 64, 1.625120, 16.517885
64, 32768, 128, 1.679648, 31.963298
64, 32768, 256, 2.301632, 46.651326
64, 32768, 512, 3.530656, 60.823926
64, 32768, 1024, 6.157120, 69.756106
64, 32768, 2048, 11.210496, 76.624037
64, 32768, 4096, 21.297600, 80.665753
64, 32768, 8192, 46.385441, 74.074403
64, 32768, 16384, 96.499107, 71.212552
64, 32768, 32768, 191.324997, 71.835336
64, 32768, 65536, 366.232269, 75.055622
64, 65536, 8, 2.899680, 2.314354
64, 65536, 16, 2.907392, 4.616430
64, 65536, 32, 2.921728, 9.187558
64, 65536, 64, 2.898080, 18.525054
64, 65536, 128, 2.983776, 35.986005
64, 65536, 256, 4.245888, 50.577960
64, 65536, 512, 6.781792, 63.330860
64, 65536, 1024, 11.527488, 74.516970
64, 65536, 2048, 21.420544, 80.202769
64, 65536, 4096, 42.442657, 80.955672
64, 65536, 8192, 87.317406, 78.700777
64, 65536, 16384, 186.672928, 73.625541
64, 65536, 32768, 377.635559, 72.789201
64, 65536, 65536, 723.565552, 75.978716
128, 8, 8, 0.445760, 0.003676
128, 8, 16, 0.446752, 0.007335
128, 8, 32, 0.449632, 0.014575
128, 8, 64, 0.450432, 0.029099
128, 8, 128, 0.453696, 0.057780
128, 8, 256, 0.517920, 0.101230
128, 8, 512, 0.646784, 0.162122
128, 8, 1024, 0.888288, 0.236089
128, 8, 2048, 1.399072, 0.299792
128, 8, 4096, 2.321024, 0.361418
128, 8, 8192, 4.214336, 0.398099
128, 8, 16384, 8.045376, 0.417065
128, 8, 32768, 15.472128, 0.433740
128, 8, 65536, 27.914465, 0.480818
128, 16, 8, 0.404608, 0.008099
128, 16, 16, 0.406240, 0.016132
128, 16, 32, 0.406592, 0.032237
128, 16, 64, 0.406432, 0.064499
128, 16, 128, 0.406464, 0.128988
128, 16, 256, 0.466368, 0.224839
128, 16, 512, 0.572832, 0.366102
128, 16, 1024, 0.779424, 0.538129
128, 16, 2048, 1.205888, 0.695637
128, 16, 4096, 2.053088, 0.817170
128, 16, 8192, 3.746848, 0.895538
128, 16, 16384, 7.098048, 0.945455
128, 16, 32768, 13.798144, 0.972723
128, 16, 65536, 27.238079, 0.985515
128, 32, 8, 0.410304, 0.015973
128, 32, 16, 0.417216, 0.031416
128, 32, 32, 0.407648, 0.064306
128, 32, 64, 0.417920, 0.125452
128, 32, 128, 0.423776, 0.247436
128, 32, 256, 0.479328, 0.437519
128, 32, 512, 0.587968, 0.713356
128, 32, 1024, 0.803584, 1.043899
128, 32, 2048, 1.234976, 1.358505
128, 32, 4096, 2.110112, 1.590173
128, 32, 8192, 3.859040, 1.739004
128, 32, 16384, 7.357600, 1.824205
128, 32, 32768, 14.354272, 1.870074
128, 32, 65536, 28.358688, 1.893144
128, 64, 8, 0.411968, 0.031816
128, 64, 16, 0.413632, 0.063376
128, 64, 32, 0.415456, 0.126196
128, 64, 64, 0.418560, 0.250520
128, 64, 128, 0.425984, 0.492308
128, 64, 256, 0.478976, 0.875681
128, 64, 512, 0.590656, 1.420219
128, 64, 1024, 0.810464, 2.070075
128, 64, 2048, 1.249984, 2.684389
128, 64, 4096, 2.127840, 3.153849
128, 64, 8192, 3.878464, 3.460590
128, 64, 16384, 7.387328, 3.633729
128, 64, 32768, 14.403424, 3.727384
128, 64, 65536, 28.428255, 3.777023
128, 128, 8, 0.413504, 0.063396
128, 128, 16, 0.417952, 0.125442
128, 128, 32, 0.418432, 0.250597
128, 128, 64, 0.420768, 0.498411
128, 128, 128, 0.428480, 0.978880
128, 128, 256, 0.478496, 1.753120
128, 128, 512, 0.595168, 2.818904
128, 128, 1024, 0.813216, 4.126140
128, 128, 2048, 1.250464, 5.366717
128, 128, 4096, 2.124832, 6.316628
128, 128, 8192, 3.869760, 6.936747
128, 128, 16384, 7.347296, 7.307054
128, 128, 32768, 14.334560, 7.490581
128, 128, 65536, 28.292065, 7.590410
128, 256, 8, 0.425984, 0.123077
128, 256, 16, 0.427168, 0.245472
128, 256, 32, 0.427840, 0.490172
128, 256, 64, 0.429632, 0.976255
128, 256, 128, 0.431776, 1.942815
128, 256, 256, 0.491808, 3.411335
128, 256, 512, 0.602912, 5.565395
128, 256, 1024, 0.815072, 8.233489
128, 256, 2048, 1.267360, 10.590340
128, 256, 4096, 2.149792, 12.486578
128, 256, 8192, 3.909600, 13.732119
128, 256, 16384, 7.433664, 14.444315
128, 256, 32768, 14.409024, 14.903741
128, 256, 65536, 30.624928, 14.024416
128, 512, 8, 0.426720, 0.245729
128, 512, 16, 0.428384, 0.489550
128, 512, 32, 0.430496, 0.974296
128, 512, 64, 0.430752, 1.947433
128, 512, 128, 0.442336, 3.792867
128, 512, 256, 0.503424, 6.665243
128, 512, 512, 0.614240, 10.925512
128, 512, 1024, 0.838304, 16.010627
128, 512, 2048, 1.274720, 21.058387
128, 512, 4096, 2.155200, 24.910491
128, 512, 8192, 3.909280, 27.466485
128, 512, 16384, 7.403456, 29.006502
128, 512, 32768, 14.418656, 29.787570
128, 512, 65536, 41.513504, 20.691904
128, 1024, 8, 0.441664, 0.474830
128, 1024, 16, 0.444608, 0.943371
128, 1024, 32, 0.450304, 1.862877
128, 1024, 64, 0.454496, 3.691389
128, 1024, 128, 0.475584, 7.055416
128, 1024, 256, 0.551680, 12.164454
128, 1024, 512, 0.685888, 19.568462
128, 1024, 1024, 0.931552, 28.815939
128, 1024, 2048, 1.375488, 39.031303
128, 1024, 4096, 2.249280, 47.737135
128, 1024, 8192, 3.995872, 53.742553
128, 1024, 16384, 7.517024, 57.136538
128, 1024, 32768, 20.290239, 42.335304
128, 1024, 65536, 44.789696, 38.356745
128, 2048, 8, 0.488832, 0.858026
128, 2048, 16, 0.492288, 1.704004
128, 2048, 32, 0.501088, 3.348157
128, 2048, 64, 0.526848, 6.368902
128, 2048, 128, 0.543488, 12.347809
128, 2048, 256, 0.638752, 21.012495
128, 2048, 512, 0.813920, 32.980569
128, 2048, 1024, 1.192032, 45.038298
128, 2048, 2048, 1.902816, 56.429092
128, 2048, 4096, 3.328704, 64.514104
128, 2048, 8192, 6.193408, 69.347398
128, 2048, 16384, 12.534752, 68.528956
128, 2048, 32768, 24.866337, 69.088862
128, 2048, 65536, 49.137535, 69.925645
128, 4096, 8, 0.623424, 1.345570
128, 4096, 16, 0.616832, 2.719900
128, 4096, 32, 0.613504, 5.469309
128, 4096, 64, 0.626464, 10.712326
128, 4096, 128, 0.664640, 20.194049
128, 4096, 256, 0.829856, 32.347234
128, 4096, 512, 1.159936, 46.284531
128, 4096, 1024, 1.830976, 58.643140
128, 4096, 2048, 3.132800, 68.548378
128, 4096, 4096, 5.715648, 75.144011
128, 4096, 8192, 11.426048, 75.178525
128, 4096, 16384, 23.332096, 73.631915
128, 4096, 32768, 45.868416, 74.909364
128, 4096, 65536, 90.729057, 75.741420
128, 8192, 8, 0.934464, 1.795384
128, 8192, 16, 0.936256, 3.583895
128, 8192, 32, 0.941504, 7.127836
128, 8192, 64, 0.962272, 13.948003
128, 8192, 128, 1.001280, 26.809231
128, 8192, 256, 1.308000, 41.045178
128, 8192, 512, 1.939264, 55.368521
128, 8192, 1024, 3.216544, 66.763698
128, 8192, 2048, 5.719648, 75.091463
128, 8192, 4096, 11.107232, 77.336410
128, 8192, 8192, 21.708033, 79.140609
128, 8192, 16384, 42.709728, 80.449443
128, 8192, 32768, 84.594398, 81.234075
128, 8192, 65536, 168.785828, 81.428018
128, 16384, 8, 1.557792, 2.153974
128, 16384, 16, 1.559488, 4.303262
128, 16384, 32, 1.572512, 8.535243
128, 16384, 64, 1.592128, 16.860168
128, 16384, 128, 1.641088, 32.714328
128, 16384, 256, 2.266816, 47.367844
128, 16384, 512, 3.492960, 61.480339
128, 16384, 1024, 6.006272, 71.508040
128, 16384, 2048, 11.134528, 77.146822
128, 16384, 4096, 21.283104, 80.720694
128, 16384, 8192, 41.709824, 82.378048
128, 16384, 16384, 89.587715, 76.706362
128, 16384, 32768, 183.721817, 74.808183
128, 16384, 65536, 359.770844, 76.403609
128, 32768, 8, 2.834528, 2.367550
128, 32768, 16, 2.833888, 4.736169
128, 32768, 32, 2.853248, 9.408066
128, 32768, 64, 2.893984, 18.551274
128, 32768, 128, 2.960224, 36.272318
128, 32768, 256, 4.134848, 51.936216
128, 32768, 512, 6.598336, 65.091671
128, 32768, 1024, 11.614112, 73.961183
128, 32768, 2048, 21.297440, 80.666360
128, 32768, 4096, 41.189758, 83.418160
128, 32768, 8192, 83.487648, 82.310951
128, 32768, 16384, 168.037247, 81.790767
128, 32768, 32768, 360.317078, 76.287782
128, 32768, 65536, 685.611938, 80.184691
128, 65536, 8, 5.933024, 2.262215
128, 65536, 16, 6.061600, 4.428459
128, 65536, 32, 5.905888, 9.090435
128, 65536, 64, 5.881312, 18.256842
128, 65536, 128, 6.133824, 35.010520
128, 65536, 256, 8.348480, 51.446098
128, 65536, 512, 13.076256, 65.691087
128, 65536, 1024, 23.241440, 73.919126
128, 65536, 2048, 45.577538, 75.387439
128, 65536, 4096, 92.098045, 74.615565
128, 65536, 8192, 178.024445, 77.202293
128, 65536, 16384, 331.756073, 82.855426
128, 65536, 32768, 703.050598, 78.195768
128, 65536, 65536, 1397.210205, 78.693358
256, 8, 8, 0.456448, 0.007179
256, 8, 16, 0.454016, 0.014435
256, 8, 32, 0.453344, 0.028912
256, 8, 64, 0.450304, 0.058215
256, 8, 128, 0.455168, 0.115186
256, 8, 256, 0.524416, 0.199951
256, 8, 512, 0.647616, 0.323826
256, 8, 1024, 0.913408, 0.459193
256, 8, 2048, 1.419584, 0.590920
256, 8, 4096, 2.448064, 0.685326
256, 8, 8192, 4.496384, 0.746254
256, 8, 16384, 8.088160, 0.829717
256, 8, 32768, 14.916736, 0.899779
256, 8, 65536, 27.998337, 0.958755
256, 16, 8, 0.408544, 0.016041
256, 16, 16, 0.407552, 0.032161
256, 16, 32, 0.412032, 0.063622
256, 16, 64, 0.407776, 0.128573
256, 16, 128, 0.412192, 0.254390
256, 16, 256, 0.474048, 0.442392
256, 16, 512, 0.578976, 0.724435
256, 16, 1024, 0.791488, 1.059853
256, 16, 2048, 1.213888, 1.382106
256, 16, 4096, 2.075232, 1.616900
256, 16, 8192, 3.750272, 1.789440
256, 16, 16384, 7.140896, 1.879564
256, 16, 32768, 13.926304, 1.927543
256, 16, 65536, 27.336767, 1.963915
256, 32, 8, 0.415584, 0.031539
256, 32, 16, 0.415680, 0.063064
256, 32, 32, 0.417632, 0.125538
256, 32, 64, 0.421920, 0.248525
256, 32, 128, 0.428736, 0.489148
256, 32, 256, 0.478400, 0.876736
256, 32, 512, 0.595488, 1.408695
256, 32, 1024, 0.812416, 2.065102
256, 32, 2048, 1.249920, 2.684526
256, 32, 4096, 2.125408, 3.157458
256, 32, 8192, 3.863328, 3.474148
256, 32, 16384, 7.380096, 3.637290
256, 32, 32768, 14.384640, 3.732251
256, 32, 65536, 28.394913, 3.781458
256, 64, 8, 0.418688, 0.062611
256, 64, 16, 0.419488, 0.124983
256, 64, 32, 0.418112, 0.250788
256, 64, 64, 0.425536, 0.492826
256, 64, 128, 0.428992, 0.977711
256, 64, 256, 0.479296, 1.750194
256, 64, 512, 0.595008, 2.819662
256, 64, 1024, 0.815392, 4.115129
256, 64, 2048, 1.252736, 5.356984
256, 64, 4096, 2.121152, 6.327587
256, 64, 8192, 3.889312, 6.901875
256, 64, 16384, 7.402112, 7.252942
256, 64, 32768, 14.430912, 7.440568
256, 64, 65536, 28.493120, 7.536850
256, 128, 8, 0.429056, 0.122196
256, 128, 16, 0.428448, 0.244738
256, 128, 32, 0.431168, 0.486389
256, 128, 64, 0.431424, 0.972200
256, 128, 128, 0.430656, 1.947868
256, 128, 256, 0.492000, 3.410003
256, 128, 512, 0.599744, 5.594792
256, 128, 1024, 0.815008, 8.234136
256, 128, 2048, 1.265440, 10.606408
256, 128, 4096, 2.151104, 12.478962
256, 128, 8192, 3.913312, 13.719093
256, 128, 16384, 7.443232, 14.425747
256, 128, 32768, 14.504096, 14.806050
256, 128, 65536, 33.605473, 12.780559
256, 256, 8, 0.429184, 0.244319
256, 256, 16, 0.427584, 0.490466
256, 256, 32, 0.429376, 0.976837
256, 256, 64, 0.430848, 1.946999
256, 256, 128, 0.443648, 3.781650
256, 256, 256, 0.501312, 6.693323
256, 256, 512, 0.610944, 10.984455
256, 256, 1024, 0.835840, 16.057826
256, 256, 2048, 1.278880, 20.989886
256, 256, 4096, 2.153344, 24.931963
256, 256, 8192, 3.924032, 27.363228
256, 256, 16384, 7.460064, 28.786397
256, 256, 32768, 14.503008, 29.614321
256, 256, 65536, 39.638752, 21.670548
256, 512, 8, 0.435104, 0.481989
256, 512, 16, 0.433728, 0.967036
256, 512, 32, 0.443712, 1.890552
256, 512, 64, 0.453280, 3.701292
256, 512, 128, 0.466368, 7.194840
256, 512, 256, 0.525920, 12.760281
256, 512, 512, 0.643616, 20.853696
256, 512, 1024, 0.866784, 30.969130
256, 512, 2048, 1.307200, 41.070298
256, 512, 4096, 2.184576, 49.151039
256, 512, 8192, 3.951104, 54.351485
256, 512, 16384, 7.458400, 57.585641
256, 512, 32768, 15.584640, 55.117955
256, 512, 65536, 42.388031, 40.530001
256, 1024, 8, 0.478336, 0.876853
256, 1024, 16, 0.480704, 1.745067
256, 1024, 32, 0.503040, 3.335165
256, 1024, 64, 0.509504, 6.585705
256, 1024, 128, 0.542080, 12.379882
256, 1024, 256, 0.638112, 21.033569
256, 1024, 512, 0.812768, 33.027317
256, 1024, 1024, 1.191968, 45.040717
256, 1024, 2048, 1.900384, 56.501310
256, 1024, 4096, 3.334976, 64.392777
256, 1024, 8192, 6.208288, 69.181184
256, 1024, 16384, 11.969344, 71.766126
256, 1024, 32768, 24.632288, 69.745325
256, 1024, 65536, 48.760834, 70.465855
256, 2048, 8, 0.617408, 1.358682
256, 2048, 16, 0.613568, 2.734369
256, 2048, 32, 0.619616, 5.415359
256, 2048, 64, 0.635648, 10.557551
256, 2048, 128, 0.689792, 19.457711
256, 2048, 256, 0.852448, 31.489951
256, 2048, 512, 1.191200, 45.069754
256, 2048, 1024, 1.860192, 57.722098
256, 2048, 2048, 3.153216, 68.104555
256, 2048, 4096, 5.739904, 74.826467
256, 2048, 8192, 10.919488, 78.666093
256, 2048, 16384, 22.817440, 75.292711
256, 2048, 32768, 45.504799, 75.507945
256, 2048, 65536, 89.952255, 76.395502
256, 4096, 8, 0.939936, 1.784932
256, 4096, 16, 0.937664, 3.578514
256, 4096, 32, 0.948992, 7.071594
256, 4096, 64, 0.966912, 13.881070
256, 4096, 128, 1.024608, 26.198844
256, 4096, 256, 1.342880, 39.979068
256, 4096, 512, 1.977344, 54.302226
256, 4096, 1024, 3.255744, 65.959844
256, 4096, 2048, 5.746368, 74.742295
256, 4096, 4096, 10.730656, 80.050417
256, 4096, 8192, 21.491425, 79.938252
256, 4096, 16384, 42.468098, 80.907176
256, 4096, 32768, 84.262115, 81.554417
256, 4096, 65536, 167.271805, 82.165045
256, 8192, 8, 1.553568, 2.159830
256, 8192, 16, 1.553152, 4.320818
256, 8192, 32, 1.566464, 8.568198
256, 8192, 64, 1.593504, 16.845610
256, 8192, 128, 1.659776, 32.345987
256, 8192, 256, 2.284512, 47.000926
256, 8192, 512, 3.530976, 60.818414
256, 8192, 1024, 6.010592, 71.456644
256, 8192, 2048, 10.872384, 79.006909
256, 8192, 4096, 21.076544, 81.511795
256, 8192, 8192, 41.095200, 83.610102
256, 8192, 16384, 84.204895, 81.609836
256, 8192, 32768, 175.291550, 78.405921
256, 8192, 65536, 348.359436, 78.906405
256, 16384, 8, 2.854016, 2.351384
256, 16384, 16, 2.857600, 4.696869
256, 16384, 32, 2.875904, 9.333950
256, 16384, 64, 2.920416, 18.383370
256, 16384, 128, 3.025216, 35.493062
256, 16384, 256, 4.291264, 50.043149
256, 16384, 512, 6.847520, 62.722962
256, 16384, 1024, 11.679520, 73.546985
256, 16384, 2048, 21.389215, 80.320240
256, 16384, 4096, 40.805504, 84.203686
256, 16384, 8192, 81.371330, 84.451706
256, 16384, 16384, 161.200989, 85.259374
256, 16384, 32768, 343.317596, 80.065196
256, 16384, 65536, 672.325745, 81.769264
256, 32768, 8, 5.676576, 2.364413
256, 32768, 16, 5.695584, 4.713045
256, 32768, 32, 5.731584, 9.366885
256, 32768, 64, 5.799296, 18.515038
256, 32768, 128, 5.884576, 36.493431
256, 32768, 256, 8.226592, 52.208342
256, 32768, 512, 12.901504, 66.580880
256, 32768, 1024, 22.812193, 75.310029
256, 32768, 2048, 44.462879, 77.277358
256, 32768, 4096, 86.039711, 79.869488
256, 32768, 8192, 169.729660, 80.975213
256, 32768, 16384, 322.945557, 85.115866
256, 32768, 32768, 668.520508, 82.234697
256, 32768, 65536, 1348.958618, 81.508181
256, 65536, 8, 11.156736, 2.406039
256, 65536, 16, 11.019136, 4.872169
256, 65536, 32, 10.889984, 9.859903
256, 65536, 64, 11.048160, 19.437479
256, 65536, 128, 11.083072, 38.752499
256, 65536, 256, 15.424736, 55.689346
256, 65536, 512, 25.494783, 67.385821
256, 65536, 1024, 47.221790, 72.762464
256, 65536, 2048, 88.618019, 77.545715
256, 65536, 4096, 170.570526, 80.576027
256, 65536, 8192, 328.743469, 83.614713
256, 65536, 16384, 661.912109, 83.055712
256, 65536, 32768, 1318.172363, 83.411825
256, 65536, 65536, 2707.877441, 81.208375
512, 8, 8, 0.429696, 0.015252
512, 8, 16, 0.427872, 0.030633
512, 8, 32, 0.426944, 0.061400
512, 8, 64, 0.429152, 0.122168
512, 8, 128, 0.432672, 0.242349
512, 8, 256, 0.488448, 0.429350
512, 8, 512, 0.599488, 0.699648
512, 8, 1024, 0.837888, 1.001161
512, 8, 2048, 1.290880, 1.299673
512, 8, 4096, 2.203968, 1.522455
512, 8, 8192, 4.040032, 1.661097
512, 8, 16384, 7.554496, 1.776660
512, 8, 32768, 14.393152, 1.865022
512, 8, 65536, 33.571072, 1.599207
512, 16, 8, 0.410176, 0.031955
512, 16, 16, 0.407136, 0.064387
512, 16, 32, 0.407040, 0.128805
512, 16, 64, 0.406784, 0.257772
512, 16, 128, 0.410400, 0.511002
512, 16, 256, 0.475616, 0.881868
512, 16, 512, 0.577280, 1.453126
512, 16, 1024, 0.789856, 2.124085
512, 16, 2048, 1.200416, 2.795234
512, 16, 4096, 2.049920, 3.273731
512, 16, 8192, 3.749632, 3.579491
512, 16, 16384, 7.101408, 3.780031
512, 16, 32768, 13.845376, 3.877619
512, 16, 65536, 35.334785, 3.038767
512, 32, 8, 0.419104, 0.062549
512, 32, 16, 0.419520, 0.124973
512, 32, 32, 0.426784, 0.245692
512, 32, 64, 0.428736, 0.489148
512, 32, 128, 0.430336, 0.974658
512, 32, 256, 0.479264, 1.750311
512, 32, 512, 0.596864, 2.810894
512, 32, 1024, 0.816288, 4.110612
512, 32, 2048, 1.254464, 5.349604
512, 32, 4096, 2.122176, 6.324534
512, 32, 8192, 3.880704, 6.917185
512, 32, 16384, 7.382592, 7.272119
512, 32, 32768, 14.402592, 7.455199
512, 32, 65536, 38.041183, 5.645155
512, 64, 8, 0.428000, 0.122497
512, 64, 16, 0.429280, 0.244264
512, 64, 32, 0.430720, 0.486895
512, 64, 64, 0.432896, 0.968894
512, 64, 128, 0.431264, 1.945121
512, 64, 256, 0.489600, 3.426719
512, 64, 512, 0.602720, 5.567167
512, 64, 1024, 0.815712, 8.227029
512, 64, 2048, 1.266272, 10.599439
512, 64, 4096, 2.154080, 12.461722
512, 64, 8192, 3.921760, 13.689540
512, 64, 16384, 7.477216, 14.360182
512, 64, 32768, 14.571360, 14.737703
512, 64, 65536, 41.679745, 10.304687
512, 128, 8, 0.429952, 0.243882
512, 128, 16, 0.429536, 0.488237
512, 128, 32, 0.430624, 0.974006
512, 128, 64, 0.444320, 1.887965
512, 128, 128, 0.443168, 3.785746
512, 128, 256, 0.504576, 6.650025
512, 128, 512, 0.612896, 10.949470
512, 128, 1024, 0.841024, 15.958847
512, 128, 2048, 1.284000, 20.906188
512, 128, 4096, 2.157792, 24.880567
512, 128, 8192, 3.924832, 27.357650
512, 128, 16384, 7.465504, 28.765420
512, 128, 32768, 14.563552, 29.491207
512, 128, 65536, 42.733505, 20.101170
512, 256, 8, 0.431648, 0.485848
512, 256, 16, 0.433472, 0.967607
512, 256, 32, 0.450400, 1.862480
512, 256, 64, 0.456256, 3.677150
512, 256, 128, 0.454016, 7.390584
512, 256, 256, 0.522304, 12.848622
512, 256, 512, 0.633280, 21.194058
512, 256, 1024, 0.852832, 31.475771
512, 256, 2048, 1.306976, 41.077336
512, 256, 4096, 2.180256, 49.248431
512, 256, 8192, 3.946912, 54.409210
512, 256, 16384, 7.468096, 57.510876
512, 256, 32768, 17.080864, 50.289813
512, 256, 65536, 42.637314, 40.293038
512, 512, 8, 0.479744, 0.874280
512, 512, 16, 0.479040, 1.751129
512, 512, 32, 0.492096, 3.409338
512, 512, 64, 0.503616, 6.662702
512, 512, 128, 0.526912, 12.736257
512, 512, 256, 0.613248, 21.886371
512, 512, 512, 0.794368, 33.792329
512, 512, 1024, 1.165248, 46.073531
512, 512, 2048, 1.883232, 57.015908
512, 512, 4096, 3.313120, 64.817565
512, 512, 8192, 6.190496, 69.380019
512, 512, 16384, 11.959584, 71.824692
512, 512, 32768, 24.292801, 70.720002
512, 512, 65536, 47.982334, 71.609143
512, 1024, 8, 0.618176, 1.356994
512, 1024, 16, 0.618592, 2.712162
512, 1024, 32, 0.614112, 5.463894
512, 1024, 64, 0.626112, 10.718348
512, 1024, 128, 0.673824, 19.918810
512, 1024, 256, 0.842784, 31.851039
512, 1024, 512, 1.183744, 45.353635
512, 1024, 1024, 1.849888, 58.043614
512, 1024, 2048, 3.143296, 68.319485
512, 1024, 4096, 5.729632, 74.960615
512, 1024, 8192, 10.904064, 78.777366
512, 1024, 16384, 21.319040, 80.584627
512, 1024, 32768, 45.124386, 76.144501
512, 1024, 65536, 88.939713, 77.265234
512, 2048, 8, 0.933600, 1.797045
512, 2048, 16, 0.934656, 3.590030
512, 2048, 32, 0.940448, 7.135840
512, 2048, 64, 0.955840, 14.041862
512, 2048, 128, 0.996064, 26.949619
512, 2048, 256, 1.322944, 40.581528
512, 2048, 512, 1.954816, 54.928026
512, 2048, 1024, 3.236448, 66.353101
512, 2048, 2048, 5.723232, 75.044441
512, 2048, 4096, 10.704736, 80.244247
512, 2048, 8192, 20.728800, 82.879228
512, 2048, 16384, 42.163231, 81.492186
512, 2048, 32768, 83.928925, 81.878181
512, 2048, 65536, 167.437851, 82.083563
512, 4096, 8, 1.552064, 2.161923
512, 4096, 16, 1.550496, 4.328219
512, 4096, 32, 1.561504, 8.595414
512, 4096, 64, 1.579648, 16.993371
512, 4096, 128, 1.644896, 32.638592
512, 4096, 256, 2.282176, 47.049036
512, 4096, 512, 3.517664, 61.048573
512, 4096, 1024, 5.988256, 71.723175
512, 4096, 2048, 10.851296, 79.160445
512, 4096, 4096, 20.652479, 83.185505
512, 4096, 8192, 40.956799, 83.892637
512, 4096, 16384, 82.923042, 82.871389
512, 4096, 32768, 173.838364, 79.061348
512, 4096, 65536, 350.409393, 78.444788
512, 8192, 8, 2.876448, 2.333046
512, 8192, 16, 2.880640, 4.659302
512, 8192, 32, 2.898848, 9.260073
512, 8192, 64, 2.934112, 18.297560
512, 8192, 128, 3.034272, 35.387132
512, 8192, 256, 4.233248, 50.728980
512, 8192, 512, 6.735968, 63.761693
512, 8192, 1024, 11.669920, 73.607485
512, 8192, 2048, 21.302303, 80.647942
512, 8192, 4096, 40.675617, 84.472568
512, 8192, 8192, 79.587006, 86.345096
512, 8192, 16384, 158.849670, 86.521397
512, 8192, 32768, 339.445618, 80.978482
512, 8192, 65536, 679.300720, 80.929667
512, 16384, 8, 5.670048, 2.367136
512, 16384, 16, 5.692224, 4.715827
512, 16384, 32, 5.737696, 9.356907
512, 16384, 64, 5.694176, 18.856842
512, 16384, 128, 5.752704, 37.329986
512, 16384, 256, 8.301856, 51.735025
512, 16384, 512, 13.224992, 64.952287
512, 16384, 1024, 22.799871, 75.350728
512, 16384, 2048, 43.820255, 78.410630
512, 16384, 4096, 84.898430, 80.943166
512, 16384, 8192, 166.248795, 82.670647
512, 16384, 16384, 318.933380, 86.186622
512, 16384, 32768, 662.047485, 83.038728
512, 16384, 65536, 1354.970825, 81.146517
512, 32768, 8, 11.011808, 2.437705
512, 32768, 16, 10.789472, 4.975878
512, 32768, 32, 10.808480, 9.934253
512, 32768, 64, 10.720224, 20.032077
512, 32768, 128, 10.933120, 39.284005
512, 32768, 256, 15.599712, 55.064699
512, 32768, 512, 25.972576, 66.146189
512, 32768, 1024, 46.859966, 73.324292
512, 32768, 2048, 87.121277, 78.877949
512, 32768, 4096, 167.774399, 81.918907
512, 32768, 8192, 321.565460, 85.481167
512, 32768, 16384, 648.501648, 84.773233
512, 32768, 32768, 1308.435913, 84.032517
512, 32768, 65536, 2743.826904, 80.144387
512, 65536, 8, 21.670879, 2.477384
512, 65536, 16, 20.724960, 5.180911
512, 65536, 32, 20.492416, 10.479407
512, 65536, 64, 20.566463, 20.883354
512, 65536, 128, 21.089024, 40.731780
512, 65536, 256, 30.938240, 55.529562
512, 65536, 512, 52.520416, 65.421679
512, 65536, 1024, 92.982338, 73.905946
512, 65536, 2048, 172.994171, 79.447159
512, 65536, 4096, 331.605865, 82.892957
512, 65536, 8192, 652.154602, 84.298388
512, 65536, 16384, 1292.462769, 85.071048
512, 65536, 32768, 2618.359375, 83.984776
512, 65536, 65536, 5524.706543, 79.606880
1024, 8, 8, 0.442944, 0.029591
1024, 8, 16, 0.440768, 0.059474
1024, 8, 32, 0.442016, 0.118613
1024, 8, 64, 0.445280, 0.235487
1024, 8, 128, 0.449504, 0.466548
1024, 8, 256, 0.502400, 0.834854
1024, 8, 512, 0.618880, 1.355450
1024, 8, 1024, 0.865280, 1.938935
1024, 8, 2048, 1.336480, 2.510657
1024, 8, 4096, 2.290432, 2.929965
1024, 8, 8192, 4.182752, 3.208838
1024, 8, 16384, 7.492352, 3.582793
1024, 8, 32768, 16.951777, 3.167048
1024, 8, 65536, 40.778305, 2.633120
1024, 16, 8, 0.407392, 0.064347
1024, 16, 16, 0.408512, 0.128341
1024, 16, 32, 0.409600, 0.256000
1024, 16, 64, 0.418144, 0.501538
1024, 16, 128, 0.420832, 0.996669
1024, 16, 256, 0.478400, 1.753472
1024, 16, 512, 0.575808, 2.913682
1024, 16, 1024, 0.792256, 4.235302
1024, 16, 2048, 1.207136, 5.559346
1024, 16, 4096, 2.049344, 6.549302
1024, 16, 8192, 3.729952, 7.196753
1024, 16, 16384, 7.108000, 7.553052
1024, 16, 32768, 17.654465, 6.081985
1024, 16, 65536, 41.145569, 5.219234
1024, 32, 8, 0.425920, 0.123095
1024, 32, 16, 0.429728, 0.244009
1024, 32, 32, 0.432000, 0.485452
1024, 32, 64, 0.429472, 0.976619
1024, 32, 128, 0.431520, 1.943967
1024, 32, 256, 0.498112, 3.368161
1024, 32, 512, 0.598944, 5.602265
1024, 32, 1024, 0.820064, 8.183369
1024, 32, 2048, 1.267200, 10.591677
1024, 32, 4096, 2.146720, 12.504447
1024, 32, 8192, 3.927776, 13.668572
1024, 32, 16384, 7.481728, 14.351522
1024, 32, 32768, 19.795200, 10.848507
1024, 32, 65536, 42.718849, 10.054033
1024, 64, 8, 0.430176, 0.243755
1024, 64, 16, 0.429792, 0.487946
1024, 64, 32, 0.439616, 0.954084
1024, 64, 64, 0.431360, 1.944688
1024, 64, 128, 0.445664, 3.764544
1024, 64, 256, 0.506400, 6.626073
1024, 64, 512, 0.620960, 10.807277
1024, 64, 1024, 0.841056, 15.958239
1024, 64, 2048, 1.277024, 21.020392
1024, 64, 4096, 2.175616, 24.676731
1024, 64, 8192, 3.950144, 27.182346
1024, 64, 16384, 7.510528, 28.592978
1024, 64, 32768, 21.800480, 19.701251
1024, 64, 65536, 43.474335, 19.758634
1024, 128, 8, 0.446656, 0.469523
1024, 128, 16, 0.448864, 0.934426
1024, 128, 32, 0.450752, 1.861025
1024, 128, 64, 0.463936, 3.616278
1024, 128, 128, 0.480448, 6.983988
1024, 128, 256, 0.536256, 12.514333
1024, 128, 512, 0.652288, 20.576451
1024, 128, 1024, 0.871552, 30.799707
1024, 128, 2048, 1.335200, 40.209027
1024, 128, 4096, 2.207680, 48.636661
1024, 128, 8192, 3.966336, 54.142756
1024, 128, 16384, 7.500480, 57.262564
1024, 128, 32768, 22.080959, 38.901999
1024, 128, 65536, 43.661858, 39.347545
1024, 256, 8, 0.479968, 0.873872
1024, 256, 16, 0.477696, 1.756056
1024, 256, 32, 0.504032, 3.328601
1024, 256, 64, 0.502752, 6.674152
1024, 256, 128, 0.528256, 12.703853
1024, 256, 256, 0.624128, 21.504841
1024, 256, 512, 0.798688, 33.609552
1024, 256, 1024, 1.176640, 45.627456
1024, 256, 2048, 1.888160, 56.867100
1024, 256, 4096, 3.320192, 64.679500
1024, 256, 8192, 6.190752, 69.377150
1024, 256, 16384, 11.952576, 71.866808
1024, 256, 32768, 23.766815, 72.285113
1024, 256, 65536, 47.070210, 72.996782
1024, 512, 8, 0.619104, 1.354959
1024, 512, 16, 0.611008, 2.745826
1024, 512, 32, 0.622592, 5.389474
1024, 512, 64, 0.633984, 10.585261
1024, 512, 128, 0.683296, 19.642691
1024, 512, 256, 0.844608, 31.782253
1024, 512, 512, 1.185024, 45.304644
1024, 512, 1024, 1.848544, 58.085814
1024, 512, 2048, 3.148928, 68.197294
1024, 512, 4096, 5.733984, 74.903720
1024, 512, 8192, 10.925376, 78.623698
1024, 512, 16384, 21.387680, 80.326006
1024, 512, 32768, 44.081886, 77.945254
1024, 512, 65536, 88.616508, 77.547037
1024, 1024, 8, 0.933056, 1.798093
1024, 1024, 16, 0.934400, 3.591014
1024, 1024, 32, 0.939840, 7.140456
1024, 1024, 64, 0.958528, 14.002484
1024, 1024, 128, 1.009152, 26.600100
1024, 1024, 256, 1.334592, 40.227344
1024, 1024, 512, 1.972288, 54.441431
1024, 1024, 1024, 3.251168, 66.052681
1024, 1024, 2048, 5.736864, 74.866116
1024, 1024, 4096, 10.731136, 80.046831
1024, 1024, 8192, 20.739904, 82.834852
1024, 1024, 16384, 41.599808, 82.595907
1024, 1024, 32768, 84.336159, 81.482816
1024, 1024, 65536, 171.459106, 80.158445
1024, 2048, 8, 1.581440, 2.121765
1024, 2048, 16, 1.577824, 4.253254
1024, 2048, 32, 1.591200, 8.435001
1024, 2048, 64, 1.610784, 16.664894
1024, 2048, 128, 1.679296, 31.969999
1024, 2048, 256, 2.336512, 45.954901
1024, 2048, 512, 3.595712, 59.723462
1024, 2048, 1024, 6.119840, 70.181037
1024, 2048, 2048, 11.013536, 77.994336
1024, 2048, 4096, 20.774303, 82.697691
1024, 2048, 8192, 40.808830, 84.196822
1024, 2048, 16384, 86.305054, 79.623931
1024, 2048, 32768, 185.937439, 73.916772
1024, 2048, 65536, 367.874146, 74.720638
1024, 4096, 8, 2.862720, 2.344234
1024, 4096, 16, 2.861568, 4.690356
1024, 4096, 32, 2.882592, 9.312295
1024, 4096, 64, 2.930304, 18.321338
1024, 4096, 128, 3.060256, 35.086667
1024, 4096, 256, 4.295392, 49.995056
1024, 4096, 512, 6.756224, 63.570527
1024, 4096, 1024, 11.595488, 74.079977
1024, 4096, 2048, 21.226816, 80.934743
1024, 4096, 4096, 40.676353, 84.471039
1024, 4096, 8192, 79.628548, 86.300050
1024, 4096, 16384, 160.324768, 85.725341
1024, 4096, 32768, 372.396027, 73.813330
1024, 4096, 65536, 711.926086, 77.220912
1024, 8192, 8, 5.955904, 2.253524
1024, 8192, 16, 5.974464, 4.493047
1024, 8192, 32, 6.014496, 8.926283
1024, 8192, 64, 5.946464, 18.056812
1024, 8192, 128, 5.993024, 35.833057
1024, 8192, 256, 8.688512, 49.432715
1024, 8192, 512, 13.706912, 62.668634
1024, 8192, 1024, 23.059328, 74.502905
1024, 8192, 2048, 42.962177, 79.976716
1024, 8192, 4096, 83.279427, 82.516751
1024, 8192, 8192, 164.328293, 83.636817
1024, 8192, 16384, 316.837067, 86.756865
1024, 8192, 32768, 728.274292, 75.487467
1024, 8192, 65536, 1454.918213, 75.572057
1024, 16384, 8, 11.722944, 2.289830
1024, 16384, 16, 11.395296, 4.711338
1024, 16384, 32, 11.276544, 9.521905
1024, 16384, 64, 10.886944, 19.725312
1024, 16384, 128, 11.190240, 38.381369
1024, 16384, 256, 15.946432, 53.867439
1024, 16384, 512, 25.416800, 67.592575
1024, 16384, 1024, 45.660255, 75.250868
1024, 16384, 2048, 85.556511, 80.320569
1024, 16384, 4096, 163.756454, 83.928877
1024, 16384, 8192, 324.944580, 84.592242
1024, 16384, 16384, 641.651245, 85.678290
1024, 16384, 32768, 1442.531860, 76.220960
1024, 16384, 65536, 2915.251465, 75.431683
1024, 32768, 8, 22.416351, 2.394997
1024, 32768, 16, 21.078367, 5.094046
1024, 32768, 32, 20.505472, 10.472734
1024, 32768, 64, 20.544607, 20.905570
1024, 32768, 128, 21.091969, 40.726092
1024, 32768, 256, 31.335936, 54.824816
1024, 32768, 512, 52.098080, 65.952025
1024, 32768, 1024, 92.586563, 74.221868
1024, 32768, 2048, 173.067871, 79.413326
1024, 32768, 4096, 330.000763, 83.296143
1024, 32768, 8192, 650.636536, 84.495073
1024, 32768, 16384, 1285.387573, 85.539307
1024, 32768, 32768, 2884.162842, 76.244768
1024, 32768, 65536, 5845.395996, 75.239496
1024, 65536, 8, 45.109631, 2.380294
1024, 65536, 16, 40.433472, 5.311153
1024, 65536, 32, 39.848480, 10.778246
1024, 65536, 64, 40.317345, 21.305804
1024, 65536, 128, 42.310242, 40.604517
1024, 65536, 256, 63.820095, 53.838432
1024, 65536, 512, 105.072639, 65.401875
1024, 65536, 1024, 185.713470, 74.005915
1024, 65536, 2048, 347.536102, 79.093339
1024, 65536, 4096, 658.975159, 83.425878
1024, 65536, 8192, 1297.858154, 84.717396
1024, 65536, 16384, 2574.381104, 85.419492
1024, 65536, 32768, 5794.196289, 75.904341
1024, 65536, 65536, 11729.313477, 74.992394
2048, 8, 8, 0.456960, 0.057367
2048, 8, 16, 0.455904, 0.115000
2048, 8, 32, 0.457184, 0.229355
2048, 8, 64, 0.460288, 0.455617
2048, 8, 128, 0.466560, 0.898985
2048, 8, 256, 0.526592, 1.592999
2048, 8, 512, 0.658240, 2.548799
2048, 8, 1024, 0.915296, 3.665965
2048, 8, 2048, 1.387552, 4.836494
2048, 8, 4096, 2.365952, 5.672885
2048, 8, 8192, 4.352288, 6.167686
2048, 8, 16384, 8.334336, 6.441676
2048, 8, 32768, 21.657312, 4.957872
2048, 8, 65536, 41.606495, 5.161414
2048, 16, 8, 0.420224, 0.124764
2048, 16, 16, 0.418528, 0.250539
2048, 16, 32, 0.418144, 0.501538
2048, 16, 64, 0.428928, 0.977857
2048, 16, 128, 0.431520, 1.943967
2048, 16, 256, 0.488704, 3.433002
2048, 16, 512, 0.596352, 5.626615
2048, 16, 1024, 0.805280, 8.333606
2048, 16, 2048, 1.229216, 10.918970
2048, 16, 4096, 2.073696, 12.944784
2048, 16, 8192, 3.755744, 14.294662
2048, 16, 16384, 7.238112, 14.834557
2048, 16, 32768, 21.292831, 10.085477
2048, 16, 65536, 41.921921, 10.245159
2048, 32, 8, 0.436832, 0.240041
2048, 32, 16, 0.429600, 0.488164
2048, 32, 32, 0.448256, 0.935694
2048, 32, 64, 0.452384, 1.854311
2048, 32, 128, 0.455712, 3.681539
2048, 32, 256, 0.514208, 6.525459
2048, 32, 512, 0.624032, 10.754074
2048, 32, 1024, 0.840736, 15.964314
2048, 32, 2048, 1.299936, 20.649897
2048, 32, 4096, 2.178112, 24.648453
2048, 32, 8192, 3.947072, 27.203502
2048, 32, 16384, 8.123168, 26.436529
2048, 32, 32768, 22.161089, 19.380669
2048, 32, 65536, 43.683582, 19.663988
2048, 64, 8, 0.450944, 0.465058
2048, 64, 16, 0.456768, 0.918257
2048, 64, 32, 0.464544, 1.805773
2048, 64, 64, 0.467552, 3.588310
2048, 64, 128, 0.480928, 6.977018
2048, 64, 256, 0.552384, 12.148951
2048, 64, 512, 0.659296, 20.357735
2048, 64, 1024, 0.882656, 30.412240
2048, 64, 2048, 1.331872, 40.309498
2048, 64, 4096, 2.215808, 48.458254
2048, 64, 8192, 3.996928, 53.728355
2048, 64, 16384, 10.918560, 39.336389
2048, 64, 32768, 22.365473, 38.407123
2048, 64, 65536, 44.128799, 38.931196
2048, 128, 8, 0.500544, 0.837949
2048, 128, 16, 0.504832, 1.661663
2048, 128, 32, 0.503584, 3.331562
2048, 128, 64, 0.524672, 6.395316
2048, 128, 128, 0.553376, 12.127172
2048, 128, 256, 0.641536, 20.921309
2048, 128, 512, 0.817408, 32.839836
2048, 128, 1024, 1.205984, 44.517250
2048, 128, 2048, 1.920736, 55.902625
2048, 128, 4096, 3.346176, 64.177249
2048, 128, 8192, 6.225664, 68.988098
2048, 128, 16384, 12.047136, 71.302709
2048, 128, 32768, 23.642752, 72.664423
2048, 128, 65536, 46.640961, 73.668591
2048, 256, 8, 0.617376, 1.358752
2048, 256, 16, 0.613216, 2.735939
2048, 256, 32, 0.619904, 5.412843
2048, 256, 64, 0.636832, 10.537923
2048, 256, 128, 0.682784, 19.657421
2048, 256, 256, 0.842784, 31.851039
2048, 256, 512, 1.180128, 45.492601
2048, 256, 1024, 1.844512, 58.212786
2048, 256, 2048, 3.141056, 68.368205
2048, 256, 4096, 5.726272, 75.004597
2048, 256, 8192, 10.894400, 78.847251
2048, 256, 16384, 21.998367, 78.096110
2048, 256, 32768, 45.304287, 75.842135
2048, 256, 65536, 92.967171, 73.918004
2048, 512, 8, 0.965664, 1.737376
2048, 512, 16, 0.964896, 3.477518
2048, 512, 32, 0.973952, 6.890367
2048, 512, 64, 0.988928, 13.572042
2048, 512, 128, 1.047936, 25.615635
2048, 512, 256, 1.385248, 38.756305
2048, 512, 512, 2.046528, 52.466508
2048, 512, 1024, 3.337824, 64.337831
2048, 512, 2048, 5.829408, 73.677587
2048, 512, 4096, 10.886528, 78.904262
2048, 512, 8192, 20.921247, 82.116849
2048, 512, 16384, 41.782143, 82.235463
2048, 512, 32768, 89.071548, 77.150872
2048, 512, 65536, 181.391129, 75.769391
2048, 1024, 8, 1.767168, 1.898769
2048, 1024, 16, 1.768512, 3.794651
2048, 1024, 32, 1.774336, 7.564392
2048, 1024, 64, 1.794048, 14.962557
2048, 1024, 128, 1.876736, 28.606629
2048, 1024, 256, 2.624000, 40.920038
2048, 1024, 512, 3.918944, 54.797510
2048, 1024, 1024, 6.649920, 64.586751
2048, 1024, 2048, 11.909376, 72.127494
2048, 1024, 4096, 21.930271, 78.338608
2048, 1024, 8192, 42.364895, 81.104269
2048, 1024, 16384, 95.877632, 71.674149
2048, 1024, 32768, 207.266083, 66.310393
2048, 1024, 65536, 385.505432, 71.303251
2048, 2048, 8, 3.111360, 2.156898
2048, 2048, 16, 3.113440, 4.310914
2048, 2048, 32, 3.135328, 8.561639
2048, 2048, 64, 3.189120, 16.834453
2048, 2048, 128, 3.308672, 32.452351
2048, 2048, 256, 4.737472, 45.329738
2048, 2048, 512, 7.149344, 60.074985
2048, 2048, 1024, 12.200224, 70.408008
2048, 2048, 2048, 21.706911, 79.144698
2048, 2048, 4096, 40.755264, 84.307485
2048, 2048, 8192, 80.292320, 85.586612
2048, 2048, 16384, 194.769669, 70.564865
2048, 2048, 32768, 397.671906, 69.121782
2048, 2048, 65536, 792.371582, 69.381061
2048, 4096, 8, 6.367040, 2.108008
2048, 4096, 16, 6.332672, 4.238897
2048, 4096, 32, 6.376224, 8.419888
2048, 4096, 64, 6.262944, 17.144362
2048, 4096, 128, 6.116768, 35.108144
2048, 4096, 256, 8.852864, 48.515002
2048, 4096, 512, 13.449632, 63.867434
2048, 4096, 1024, 22.915873, 74.969300
2048, 4096, 2048, 41.465569, 82.863300
2048, 4096, 4096, 80.729599, 85.123025
2048, 4096, 8192, 159.331741, 86.259619
2048, 4096, 16384, 389.364380, 70.596573
2048, 4096, 32768, 775.264282, 70.912052
2048, 4096, 65536, 1559.985962, 70.482149
2048, 8192, 8, 12.305888, 2.181358
2048, 8192, 16, 11.686464, 4.593955
2048, 8192, 32, 11.329120, 9.477716
2048, 8192, 64, 11.241056, 19.103931
2048, 8192, 128, 11.157824, 38.492877
2048, 8192, 256, 15.978656, 53.758806
2048, 8192, 512, 25.437759, 67.536881
2048, 8192, 1024, 45.764606, 75.079283
2048, 8192, 2048, 86.788284, 79.180591
2048, 8192, 4096, 167.767014, 81.922513
2048, 8192, 8192, 323.183075, 85.053311
2048, 8192, 16384, 769.030457, 71.486871
2048, 8192, 32768, 1561.140137, 70.430040
2048, 8192, 65536, 3150.095215, 69.808152
2048, 16384, 8, 24.484608, 2.192687
2048, 16384, 16, 22.006176, 4.879275
2048, 16384, 32, 20.714176, 10.367217
2048, 16384, 64, 20.692991, 20.755662
2048, 16384, 128, 21.087328, 40.735055
2048, 16384, 256, 31.014591, 55.392860
2048, 16384, 512, 51.740032, 66.408421
2048, 16384, 1024, 92.912544, 73.961463
2048, 16384, 2048, 173.089859, 79.403238
2048, 16384, 4096, 327.273224, 83.990344
2048, 16384, 8192, 650.516663, 84.510643
2048, 16384, 16384, 1533.009644, 71.722421
2048, 16384, 32768, 3123.461426, 70.403407
2048, 16384, 65536, 6315.859863, 69.634960
2048, 32768, 8, 46.417633, 2.313220
2048, 32768, 16, 40.288353, 5.330284
2048, 32768, 32, 39.386463, 10.904679
2048, 32768, 64, 40.061089, 21.442090
2048, 32768, 128, 41.971359, 40.932363
2048, 32768, 256, 64.144035, 53.566537
2048, 32768, 512, 106.960800, 64.247347
2048, 32768, 1024, 185.541534, 74.074494
2048, 32768, 2048, 348.199036, 78.942754
2048, 32768, 4096, 658.764099, 83.452607
2048, 32768, 8192, 1299.182861, 84.631014
2048, 32768, 16384, 3060.989990, 71.840263
2048, 32768, 32768, 6240.979492, 70.470453
2048, 32768, 65536, 12705.262695, 69.231886
2048, 65536, 8, 87.562111, 2.452526
2048, 65536, 16, 77.774879, 5.522307
2048, 65536, 32, 78.462975, 10.947755
2048, 65536, 64, 81.007393, 21.207779
2048, 65536, 128, 86.460541, 39.740369
2048, 65536, 256, 128.734940, 53.380595
2048, 65536, 512, 212.525497, 64.669395
2048, 65536, 1024, 377.151001, 72.882720
2048, 65536, 2048, 684.043457, 80.368551
2048, 65536, 4096, 1307.983765, 84.061565
2048, 65536, 8192, 2572.506836, 85.481726
2048, 65536, 16384, 6046.546875, 72.736499
2048, 65536, 32768, 12314.336914, 71.429693
2048, 65536, 65536, 24606.630859, 71.493680
4096, 8, 8, 0.497568, 0.105370
4096, 8, 16, 0.495040, 0.211816
4096, 8, 32, 0.498304, 0.420858
4096, 8, 64, 0.498656, 0.841122
4096, 8, 128, 0.504000, 1.664406
4096, 8, 256, 0.573120, 2.927348
4096, 8, 512, 0.702016, 4.779725
4096, 8, 1024, 0.975360, 6.880420
4096, 8, 2048, 1.505280, 8.916462
4096, 8, 4096, 2.486240, 10.796844
4096, 8, 8192, 4.566944, 11.755583
4096, 8, 16384, 12.241952, 8.771002
4096, 8, 32768, 23.063936, 9.311002
4096, 8, 65536, 44.224159, 9.711812
4096, 16, 8, 0.432256, 0.242582
4096, 16, 16, 0.430752, 0.486858
4096, 16, 32, 0.436032, 0.961926
4096, 16, 64, 0.456672, 1.836900
4096, 16, 128, 0.455072, 3.686717
4096, 16, 256, 0.516896, 6.491525
4096, 16, 512, 0.622208, 10.785600
4096, 16, 1024, 0.829120, 16.187974
4096, 16, 2048, 1.251776, 21.444369
4096, 16, 4096, 2.091200, 25.672862
4096, 16, 8192, 3.815136, 28.144261
4096, 16, 16384, 11.482080, 18.702914
4096, 16, 32768, 22.461792, 19.121214
4096, 16, 65536, 44.458561, 19.321216
4096, 32, 8, 0.457248, 0.458647
4096, 32, 16, 0.455008, 0.921809
4096, 32, 32, 0.492384, 1.703672
4096, 32, 64, 0.499808, 3.356732
4096, 32, 128, 0.500480, 6.704450
4096, 32, 256, 0.573856, 11.694374
4096, 32, 512, 0.684736, 19.601383
4096, 32, 1024, 0.907648, 29.574840
4096, 32, 2048, 1.357920, 39.536268
4096, 32, 4096, 2.235136, 48.039216
4096, 32, 8192, 4.031296, 53.270307
4096, 32, 16384, 11.797664, 36.405236
4096, 32, 32768, 23.086081, 37.208285
4096, 32, 65536, 45.751102, 37.550722
4096, 64, 8, 0.498464, 0.841446
4096, 64, 16, 0.526720, 1.592612
4096, 64, 32, 0.529216, 3.170202
4096, 64, 64, 0.524416, 6.398438
4096, 64, 128, 0.566592, 11.844302
4096, 64, 256, 0.657632, 20.409246
4096, 64, 512, 0.842912, 31.846201
4096, 64, 1024, 1.217920, 44.080969
4096, 64, 2048, 1.938848, 55.380402
4096, 64, 4096, 3.375296, 63.623563
4096, 64, 8192, 6.250816, 68.710507
4096, 64, 16384, 12.763968, 67.298306
4096, 64, 32768, 25.009216, 68.694152
4096, 64, 65536, 49.346527, 69.629497
4096, 128, 8, 0.622144, 1.348339
4096, 128, 16, 0.622400, 2.695568
4096, 128, 32, 0.623040, 5.385598
4096, 128, 64, 0.675424, 9.935813
4096, 128, 128, 0.714496, 18.784951
4096, 128, 256, 0.872608, 30.762433
4096, 128, 512, 1.211200, 44.325538
4096, 128, 1024, 1.883008, 57.022690
4096, 128, 2048, 3.184896, 67.427120
4096, 128, 4096, 5.775968, 74.359263
4096, 128, 8192, 11.363712, 75.590919
4096, 128, 16384, 23.517857, 73.050319
4096, 128, 32768, 47.333729, 72.590390
4096, 128, 65536, 98.244064, 69.947714
4096, 256, 8, 1.004704, 1.669867
4096, 256, 16, 1.007616, 3.330081
4096, 256, 32, 1.016448, 6.602292
4096, 256, 64, 1.028192, 13.053761
4096, 256, 128, 1.085536, 24.728379
4096, 256, 256, 1.439168, 37.304256
4096, 256, 512, 2.135648, 50.277097
4096, 256, 1024, 3.533664, 60.772152
4096, 256, 2048, 6.176000, 69.542863
4096, 256, 4096, 11.132352, 77.161903
4096, 256, 8192, 21.702816, 79.159632
4096, 256, 16384, 44.800064, 76.695735
4096, 256, 32768, 99.121857, 69.328278
4096, 256, 65536, 217.201859, 63.277061
4096, 512, 8, 2.067552, 1.622906
4096, 512, 16, 2.067072, 3.246566
4096, 512, 32, 2.078816, 6.456451
4096, 512, 64, 2.108800, 12.729299
4096, 512, 128, 2.190720, 24.506596
4096, 512, 256, 3.068320, 34.994453
4096, 512, 512, 4.470080, 48.041281
4096, 512, 1024, 7.133888, 60.205142
4096, 512, 2048, 12.691584, 67.682134
4096, 512, 4096, 23.076544, 74.447323
4096, 512, 8192, 45.388481, 75.701450
4096, 512, 16384, 108.390816, 63.399723
4096, 512, 32768, 217.296387, 63.249535
4096, 512, 65536, 413.770691, 66.432426
4096, 1024, 8, 3.734176, 1.797153
4096, 1024, 16, 3.717664, 3.610271
4096, 1024, 32, 3.722816, 7.210549
4096, 1024, 64, 3.783200, 14.190921
4096, 1024, 128, 3.919584, 27.394280
4096, 1024, 256, 5.616032, 38.238450
4096, 1024, 512, 8.818432, 48.704434
4096, 1024, 1024, 13.145664, 65.344242
4096, 1024, 2048, 22.713633, 75.636819
4096, 1024, 4096, 41.302208, 83.191045
4096, 1024, 8192, 93.602303, 73.416438
4096, 1024, 16384, 216.934402, 63.355075
4096, 1024, 32768, 409.930084, 67.054827
4096, 1024, 65536, 848.341003, 64.803636
4096, 2048, 8, 6.844608, 1.960926
4096, 2048, 16, 6.861920, 3.911958
4096, 2048, 32, 6.361312, 8.439626
4096, 2048, 64, 6.442016, 16.667792
4096, 2048, 128, 6.620576, 32.436508
4096, 2048, 256, 8.879616, 48.368842
4096, 2048, 512, 13.867680, 61.942119
4096, 2048, 1024, 23.377344, 73.489397
4096, 2048, 2048, 41.995617, 81.817439
4096, 2048, 4096, 81.449730, 84.370417
4096, 2048, 8192, 197.400955, 69.624260
4096, 2048, 16384, 416.387817, 66.014877
4096, 2048, 32768, 838.866028, 65.535592
4096, 2048, 65536, 1686.777100, 65.184169
4096, 4096, 8, 13.278560, 2.021571
4096, 4096, 16, 12.189344, 4.404428
4096, 4096, 32, 11.712640, 9.167377
4096, 4096, 64, 11.123360, 19.306070
4096, 4096, 128, 11.173344, 38.439409
4096, 4096, 256, 15.967648, 53.795868
4096, 4096, 512, 25.395840, 67.648360
4096, 4096, 1024, 44.317760, 77.530403
4096, 4096, 2048, 83.667038, 82.134468
4096, 4096, 4096, 163.475357, 84.073194
4096, 4096, 8192, 391.873688, 70.144517
4096, 4096, 16384, 839.544983, 65.482592
4096, 4096, 32768, 1671.991821, 65.760586
4096, 4096, 65536, 3352.424561, 65.595011
4096, 8192, 8, 25.724640, 2.086991
4096, 8192, 16, 22.427584, 4.787595
4096, 8192, 32, 20.860767, 10.294366
4096, 8192, 64, 20.707169, 20.741451
4096, 8192, 128, 20.941504, 41.018710
4096, 8192, 256, 30.808001, 55.764311
4096, 8192, 512, 50.996414, 67.376773
4096, 8192, 1024, 90.941826, 75.564215
4096, 8192, 2048, 170.334396, 80.687727
4096, 8192, 4096, 326.754150, 84.123769
4096, 8192, 8192, 775.283325, 70.910311
4096, 8192, 16384, 1672.688843, 65.733184
4096, 8192, 32768, 3334.962402, 65.938472
4096, 8192, 65536, 6689.273438, 65.747746
4096, 16384, 8, 48.775967, 2.201375
4096, 16384, 16, 40.467007, 5.306752
4096, 16384, 32, 39.448833, 10.887438
4096, 16384, 64, 39.981472, 21.484788
4096, 16384, 128, 41.885120, 41.016640
4096, 16384, 256, 63.748608, 53.898806
4096, 16384, 512, 103.866272, 66.161493
4096, 16384, 1024, 183.630844, 74.845244
4096, 16384, 2048, 344.612427, 79.764363
4096, 16384, 4096, 650.219910, 84.549213
4096, 16384, 8192, 1547.233398, 71.063075
4096, 16384, 16384, 3345.790039, 65.725082
4096, 16384, 32768, 6672.307617, 65.914924
4096, 16384, 65536, 13374.199219, 65.769119
4096, 32768, 8, 87.532318, 2.453361
4096, 32768, 16, 77.786240, 5.521500
4096, 32768, 32, 78.280701, 10.973247
4096, 32768, 64, 81.123810, 21.177345
4096, 32768, 128, 86.942337, 39.520146
4096, 32768, 256, 128.529404, 53.465958
4096, 32768, 512, 210.064255, 65.427102
4096, 32768, 1024, 378.267273, 72.667642
4096, 32768, 2048, 680.229614, 80.819153
4096, 32768, 4096, 1310.044922, 83.929307
4096, 32768, 8192, 3119.473145, 70.493418
4096, 32768, 16384, 6685.048340, 65.789300
4096, 32768, 32768, 13363.231445, 65.823099
4096, 32768, 65536, 26792.847656, 65.660008
4096, 65536, 8, 161.906052, 2.652753
4096, 65536, 16, 154.577026, 5.557058
4096, 65536, 32, 159.983994, 10.738493
4096, 65536, 64, 165.888443, 20.712557
4096, 65536, 128, 175.751068, 39.100460
4096, 65536, 256, 268.713165, 51.147086
4096, 65536, 512, 414.211914, 66.361661
4096, 65536, 1024, 739.763733, 74.315054
4096, 65536, 2048, 1363.539062, 80.636606
4096, 65536, 4096, 2622.339355, 83.857310
4096, 65536, 8192, 6251.426270, 70.352689
4096, 65536, 16384, 13374.236328, 65.768937
4096, 65536, 32768, 26724.650391, 65.827563
4096, 65536, 65536, 53580.945312, 65.665829
8192, 8, 8, 0.594336, 0.176428
8192, 8, 16, 0.593824, 0.353161
8192, 8, 32, 0.592960, 0.707350
8192, 8, 64, 0.594496, 1.411045
8192, 8, 128, 0.605152, 2.772397
8192, 8, 256, 0.728064, 4.608720
8192, 8, 512, 0.976160, 6.874781
8192, 8, 1024, 1.460608, 9.189168
8192, 8, 2048, 2.403200, 11.169918
8192, 8, 4096, 4.294272, 12.502024
8192, 8, 8192, 8.193408, 13.104948
8192, 8, 16384, 13.829312, 15.528492
8192, 8, 32768, 25.848064, 16.616205
8192, 8, 65536, 49.889954, 17.217764
8192, 16, 8, 0.479104, 0.437724
8192, 16, 16, 0.479808, 0.874163
8192, 16, 32, 0.483072, 1.736513
8192, 16, 64, 0.504128, 3.327968
8192, 16, 128, 0.526048, 6.378587
8192, 16, 256, 0.618496, 10.850331
8192, 16, 512, 0.799456, 16.788632
8192, 16, 1024, 1.165824, 23.025383
8192, 16, 2048, 1.904992, 28.182319
8192, 16, 4096, 3.371520, 31.847410
8192, 16, 8192, 6.764896, 31.744519
8192, 16, 16384, 12.811776, 33.523590
8192, 16, 32768, 24.964224, 34.408979
8192, 16, 65536, 50.629311, 33.932655
8192, 32, 8, 0.515360, 0.813859
8192, 32, 16, 0.520544, 1.611508
8192, 32, 32, 0.553280, 3.032319
8192, 32, 64, 0.565664, 5.931866
8192, 32, 128, 0.579968, 11.571133
8192, 32, 256, 0.675616, 19.865978
8192, 32, 512, 0.872480, 30.766948
8192, 32, 1024, 1.267552, 42.354941
8192, 32, 2048, 1.998112, 53.737821
8192, 32, 4096, 3.486656, 61.591499
8192, 32, 8192, 7.169344, 59.907396
8192, 32, 16384, 13.625024, 63.045281
8192, 32, 32768, 26.679745, 64.392929
8192, 32, 65536, 53.297825, 64.467431
8192, 64, 8, 0.671264, 1.249673
8192, 64, 16, 0.662912, 2.530836
8192, 64, 32, 0.667840, 5.024322
8192, 64, 64, 0.675072, 9.940993
8192, 64, 128, 0.743168, 18.060214
8192, 64, 256, 0.924864, 29.024317
8192, 64, 512, 1.314400, 40.845323
8192, 64, 1024, 2.063648, 52.031249
8192, 64, 2048, 3.525952, 60.905071
8192, 64, 4096, 6.479904, 66.281340
8192, 64, 8192, 12.819680, 67.005841
8192, 64, 16384, 24.996832, 68.728186
8192, 64, 32768, 53.915615, 63.728733
8192, 64, 65536, 112.515228, 61.075712
8192, 128, 8, 1.144992, 1.465269
8192, 128, 16, 1.141088, 2.940565
8192, 128, 32, 1.150592, 5.832551
8192, 128, 64, 1.163072, 11.539933
8192, 128, 128, 1.206176, 22.255081
8192, 128, 256, 1.608320, 33.380852
8192, 128, 512, 2.425344, 44.271733
8192, 128, 1024, 4.058912, 52.907867
8192, 128, 2048, 6.765504, 63.483332
8192, 128, 4096, 12.428448, 69.115104
8192, 128, 8192, 23.693665, 72.508282
8192, 128, 16384, 52.414082, 65.554403
8192, 128, 32768, 110.142365, 62.391503
8192, 128, 65536, 223.988770, 61.359752
8192, 256, 8, 1.982656, 1.692398
8192, 256, 16, 1.982720, 3.384687
8192, 256, 32, 1.996832, 6.721533
8192, 256, 64, 2.016608, 13.311236
8192, 256, 128, 2.085440, 25.743773
8192, 256, 256, 2.908672, 36.915190
8192, 256, 512, 4.519968, 47.511036
8192, 256, 1024, 7.369504, 58.280277
8192, 256, 2048, 11.898528, 72.193254
8192, 256, 4096, 22.285185, 77.090988
8192, 256, 8192, 46.983776, 73.131070
8192, 256, 16384, 106.963394, 64.245789
8192, 256, 32768, 215.907196, 63.656495
8192, 256, 65536, 436.620850, 62.955745
8192, 512, 8, 3.729280, 1.799513
8192, 512, 16, 3.731552, 3.596834
8192, 512, 32, 3.755648, 7.147514
8192, 512, 64, 3.806272, 14.104901
8192, 512, 128, 3.827744, 28.051558
8192, 512, 256, 4.800256, 44.736859
8192, 512, 512, 7.619936, 56.364874
8192, 512, 1024, 12.568608, 68.344358
8192, 512, 2048, 22.571072, 76.114548
8192, 512, 4096, 42.297695, 81.233122
8192, 512, 8192, 101.390144, 67.777275
8192, 512, 16384, 212.408615, 64.704981
8192, 512, 32768, 431.656250, 63.679816
8192, 512, 65536, 853.682007, 64.398196
8192, 1024, 8, 7.080608, 1.895568
8192, 1024, 16, 7.091744, 3.785183
8192, 1024, 32, 6.741632, 7.963516
8192, 1024, 64, 6.371552, 16.852124
8192, 1024, 128, 6.583040, 32.621457
8192, 1024, 256, 8.789792, 48.863127
8192, 1024, 512, 13.761632, 62.419447
8192, 1024, 1024, 23.377695, 73.488294
8192, 1024, 2048, 41.836990, 82.127653
8192, 1024, 4096, 91.509666, 75.095320
8192, 1024, 8192, 211.581177, 64.958025
8192, 1024, 16384, 424.832123, 64.702712
8192, 1024, 32768, 842.993591, 65.214709
8192, 1024, 65536, 1692.441406, 64.966008
8192, 2048, 8, 13.518752, 1.985653
8192, 2048, 16, 12.584640, 4.266081
8192, 2048, 32, 11.738688, 9.147034
8192, 2048, 64, 11.560800, 18.575563
8192, 2048, 128, 11.676960, 36.781554
8192, 2048, 256, 16.002720, 53.677966
8192, 2048, 512, 25.307615, 67.884188
8192, 2048, 1024, 44.279392, 77.597583
8192, 2048, 2048, 84.359901, 81.459883
8192, 2048, 4096, 199.310501, 68.957206
8192, 2048, 8192, 423.822937, 64.856779
8192, 2048, 16384, 838.863586, 65.535782
8192, 2048, 32768, 1680.637085, 65.422311
8192, 2048, 65536, 3370.578857, 65.241709
8192, 4096, 8, 25.515425, 2.104103
8192, 4096, 16, 23.737761, 4.523349
8192, 4096, 32, 20.822975, 10.313049
8192, 4096, 64, 20.499104, 20.951976
8192, 4096, 128, 20.806400, 41.285059
8192, 4096, 256, 30.286655, 56.724220
8192, 4096, 512, 50.058174, 68.639616
8192, 4096, 1024, 89.841888, 76.489350
8192, 4096, 2048, 168.977509, 81.335649
8192, 4096, 4096, 399.989105, 68.721348
8192, 4096, 8192, 843.323730, 65.189179
8192, 4096, 16384, 1676.489136, 65.584179
8192, 4096, 32768, 3351.679199, 65.609598
8192, 4096, 65536, 6736.982910, 65.282138
8192, 8192, 8, 49.017311, 2.190536
8192, 8192, 16, 40.516960, 5.300209
8192, 8192, 32, 39.440960, 10.889611
8192, 8192, 64, 39.715969, 21.628415
8192, 8192, 128, 41.644001, 41.254127
8192, 8192, 256, 62.354465, 55.103894
8192, 8192, 512, 102.721283, 66.898967
8192, 8192, 1024, 182.649887, 75.247215
8192, 8192, 2048, 345.514648, 79.556079
8192, 8192, 4096, 795.287598, 69.126668
8192, 8192, 8192, 1686.030029, 65.213051
8192, 8192, 16384, 3347.563232, 65.690268
8192, 8192, 32768, 6707.122559, 65.572777
8192, 8192, 65536, 13450.250000, 65.397246
8192, 16384, 8, 87.691971, 2.448894
8192, 16384, 16, 77.414398, 5.548021
8192, 16384, 32, 77.764832, 11.046040
8192, 16384, 64, 80.729187, 21.280865
8192, 16384, 128, 85.557533, 40.159805
8192, 16384, 256, 126.293182, 54.412657
8192, 16384, 512, 205.558594, 66.861205
8192, 16384, 1024, 378.826233, 72.560420
8192, 16384, 2048, 679.570251, 80.897569
8192, 16384, 4096, 1595.943848, 68.894130
8192, 16384, 8192, 3370.187744, 65.249281
8192, 16384, 16384, 6690.434570, 65.736335
8192, 16384, 32768, 13422.200195, 65.533913
8192, 16384, 65536, 26918.730469, 65.352956
8192, 32768, 8, 161.784729, 2.654742
8192, 32768, 16, 154.253860, 5.568700
8192, 32768, 32, 158.433441, 10.843588
8192, 32768, 64, 164.143005, 20.932807
8192, 32768, 128, 174.461945, 39.389379
8192, 32768, 256, 261.475708, 52.562800
8192, 32768, 512, 408.241364, 67.332204
8192, 32768, 1024, 737.983826, 74.494290
8192, 32768, 2048, 1362.968506, 80.670362
8192, 32768, 4096, 3204.140869, 68.630667
8192, 32768, 8192, 6747.947754, 65.176061
8192, 32768, 16384, 13396.455078, 65.659855
8192, 32768, 32768, 26858.671875, 65.499091
8192, 32768, 65536, 53859.121094, 65.326673
8192, 65536, 8, 312.329742, 2.750277
8192, 65536, 16, 314.445038, 5.463552
8192, 65536, 32, 324.725708, 10.581157
8192, 65536, 64, 326.850647, 21.024733
8192, 65536, 128, 346.389832, 39.677537
8192, 65536, 256, 509.504608, 53.950034
8192, 65536, 512, 829.810486, 66.250767
8192, 65536, 1024, 1471.438965, 74.723563
8192, 65536, 2048, 2733.879395, 80.436001
8192, 65536, 4096, 6429.254395, 68.406789
8192, 65536, 8192, 13479.172852, 65.256920
8192, 65536, 16384, 26836.189453, 65.553964
8192, 65536, 32768, 53727.441406, 65.486781
8192, 65536, 65536, 107822.062500, 65.263771
16384, 8, 8, 0.779648, 0.268987
16384, 8, 16, 0.782272, 0.536170
16384, 8, 32, 0.784736, 1.068972
16384, 8, 64, 0.781952, 2.145556
16384, 8, 128, 0.788768, 4.254031
16384, 8, 256, 1.012224, 6.629843
16384, 8, 512, 1.465760, 9.156869
16384, 8, 1024, 2.357376, 11.387044
16384, 8, 2048, 4.126784, 13.009427
16384, 8, 4096, 7.288864, 14.731264
16384, 8, 8192, 13.561248, 15.835443
16384, 8, 16384, 25.499296, 16.843474
16384, 8, 32768, 48.796127, 17.603722
16384, 8, 65536, 102.798912, 16.712112
16384, 16, 8, 0.681920, 0.615073
16384, 16, 16, 0.691968, 1.212283
16384, 16, 32, 0.687200, 2.441388
16384, 16, 64, 0.695968, 4.821261
16384, 16, 128, 0.714464, 9.392896
16384, 16, 256, 0.905536, 14.821910
16384, 16, 512, 1.297792, 20.684013
16384, 16, 1024, 2.049792, 26.191482
16384, 16, 2048, 3.564512, 30.123109
16384, 16, 4096, 7.089376, 30.291575
16384, 16, 8192, 12.878560, 33.349748
16384, 16, 16384, 24.977312, 34.390949
16384, 16, 32768, 51.020386, 33.672558
16384, 16, 65536, 107.263107, 32.033137
16384, 32, 8, 0.717856, 1.168564
16384, 32, 16, 0.716192, 2.342558
16384, 32, 32, 0.744224, 4.508647
16384, 32, 64, 0.761888, 8.808232
16384, 32, 128, 0.779616, 17.215877
16384, 32, 256, 0.983552, 27.292452
16384, 32, 512, 1.400928, 38.322519
16384, 32, 1024, 2.124768, 50.534544
16384, 32, 2048, 3.544480, 60.586704
16384, 32, 4096, 6.975552, 61.571719
16384, 32, 8192, 13.278528, 64.690412
16384, 32, 16384, 25.846912, 66.467781
16384, 32, 32768, 54.919201, 62.564163
16384, 32, 65536, 111.498016, 61.632914
16384, 64, 8, 1.136288, 1.476493
16384, 64, 16, 1.139168, 2.945521
16384, 64, 32, 1.144736, 5.862388
16384, 64, 64, 1.162240, 11.548194
16384, 64, 128, 1.207584, 22.229133
16384, 64, 256, 1.586976, 33.829806
16384, 64, 512, 2.400352, 44.732682
16384, 64, 1024, 3.977696, 53.988130
16384, 64, 2048, 7.322464, 58.654673
16384, 64, 4096, 13.222016, 64.966903
16384, 64, 8192, 24.947296, 68.864654
16384, 64, 16384, 54.697823, 62.817379
16384, 64, 32768, 111.060387, 61.875777
16384, 64, 65536, 218.052292, 63.030272
16384, 128, 8, 1.957440, 1.714200
16384, 128, 16, 1.957056, 3.429072
16384, 128, 32, 1.963424, 6.835901
16384, 128, 64, 1.985440, 13.520200
16384, 128, 128, 2.052256, 26.160035
16384, 128, 256, 2.739776, 39.190863
16384, 128, 512, 3.974880, 54.026377
16384, 128, 1024, 6.861984, 62.590753
16384, 128, 2048, 12.787680, 67.173520
16384, 128, 4096, 23.323296, 73.659698
16384, 128, 8192, 52.218208, 65.800301
16384, 128, 16384, 108.336258, 63.431651
16384, 128, 32768, 217.170593, 63.286171
16384, 128, 65536, 436.992920, 62.902142
16384, 256, 8, 3.701728, 1.812906
16384, 256, 16, 3.707232, 3.620430
16384, 256, 32, 3.683136, 7.288231
16384, 256, 64, 3.381664, 15.875939
16384, 256, 128, 3.480992, 30.845857
16384, 256, 256, 4.958976, 43.304983
16384, 256, 512, 7.651776, 56.130334
16384, 256, 1024, 12.476512, 68.848847
16384, 256, 2048, 22.414240, 76.647119
16384, 256, 4096, 48.068993, 71.480047
16384, 256, 8192, 106.708321, 64.399361
16384, 256, 16384, 214.671844, 64.022813
16384, 256, 32768, 433.263031, 63.443656
16384, 256, 65536, 859.510315, 63.961514
16384, 512, 8, 7.002944, 1.916590
16384, 512, 16, 6.716192, 3.996840
16384, 512, 32, 6.650784, 8.072295
16384, 512, 64, 6.756448, 15.892106
16384, 512, 128, 6.187680, 34.705798
16384, 512, 256, 8.927328, 48.110333
16384, 512, 512, 13.469728, 63.772144
16384, 512, 1024, 23.312449, 73.693972
16384, 512, 2048, 44.281666, 77.593599
16384, 512, 4096, 105.521439, 65.123711
16384, 512, 8192, 212.313797, 64.733878
16384, 512, 16384, 429.368195, 64.019159
16384, 512, 32768, 845.728577, 65.003812
16384, 512, 65536, 1698.377808, 64.738930
16384, 1024, 8, 13.584352, 1.976064
16384, 1024, 16, 13.164736, 4.078099
16384, 1024, 32, 11.766528, 9.125392
16384, 1024, 64, 11.540896, 18.607598
16384, 1024, 128, 11.270656, 38.107520
16384, 1024, 256, 15.898560, 54.029641
16384, 1024, 512, 25.068607, 68.531406
16384, 1024, 1024, 44.126431, 77.866571
16384, 1024, 2048, 100.121407, 68.636148
16384, 1024, 4096, 215.961212, 63.640573
16384, 1024, 8192, 426.736389, 64.413983
16384, 1024, 16384, 840.632019, 65.397915
16384, 1024, 32768, 1683.156128, 65.324399
16384, 1024, 65536, 3379.976074, 65.060320
16384, 2048, 8, 25.818048, 2.079440
16384, 2048, 16, 23.372704, 4.593999
16384, 2048, 32, 20.861408, 10.294049
16384, 2048, 64, 20.497248, 20.953873
16384, 2048, 128, 20.742912, 41.411420
16384, 2048, 256, 30.089279, 57.096314
16384, 2048, 512, 49.449760, 69.484135
16384, 2048, 1024, 89.819427, 76.508478
16384, 2048, 2048, 207.749084, 66.156226
16384, 2048, 4096, 436.076630, 63.034313
16384, 2048, 8192, 842.204773, 65.275789
16384, 2048, 16384, 1678.252686, 65.515261
16384, 2048, 32768, 3357.496826, 65.495915
16384, 2048, 65536, 6743.721191, 65.216909
16384, 4096, 8, 48.800545, 2.200266
16384, 4096, 16, 40.473888, 5.305850
16384, 4096, 32, 39.144287, 10.972143
16384, 4096, 64, 39.615391, 21.683327
16384, 4096, 128, 41.265697, 41.632325
16384, 4096, 256, 61.685570, 55.701420
16384, 4096, 512, 100.987778, 68.047320
16384, 4096, 1024, 184.190338, 74.617895
16384, 4096, 2048, 427.152588, 64.351221
16384, 4096, 4096, 857.055786, 64.144694
16384, 4096, 8192, 1687.126831, 65.170656
16384, 4096, 16384, 3363.751465, 65.374130
16384, 4096, 32768, 6724.233398, 65.405917
16384, 4096, 65536, 13465.862305, 65.321424
16384, 8192, 8, 87.854942, 2.444352
16384, 8192, 16, 77.363838, 5.551647
16384, 8192, 32, 77.894051, 11.027716
16384, 8192, 64, 80.855873, 21.247522
16384, 8192, 128, 85.164574, 40.345107
16384, 8192, 256, 125.542145, 54.738173
16384, 8192, 512, 203.042236, 67.689834
16384, 8192, 1024, 377.324036, 72.849297
16384, 8192, 2048, 843.702698, 65.159898
16384, 8192, 4096, 1715.588013, 64.089491
16384, 8192, 8192, 3372.541504, 65.203742
16384, 8192, 16384, 6720.380371, 65.443416
16384, 8192, 32768, 13452.976562, 65.383991
16384, 8192, 65536, 26956.984375, 65.260215
16384, 16384, 8, 162.022110, 2.650853
16384, 16384, 16, 154.141403, 5.572763
16384, 16384, 32, 158.633957, 10.829881
16384, 16384, 64, 163.318619, 21.038470
16384, 16384, 128, 172.026489, 39.947032
16384, 16384, 256, 255.777252, 53.733845
16384, 16384, 512, 404.790985, 67.906134
16384, 16384, 1024, 737.436401, 74.549590
16384, 16384, 2048, 1681.943237, 65.371506
16384, 16384, 4096, 3429.569824, 64.119507
16384, 16384, 8192, 6748.939941, 65.166479
16384, 16384, 16384, 13438.965820, 65.452157
16384, 16384, 32768, 26889.121094, 65.424920
16384, 16384, 65536, 53917.531250, 65.255903
16384, 32768, 8, 310.960541, 2.762387
16384, 32768, 16, 314.574860, 5.461298
16384, 32768, 32, 324.339417, 10.593760
16384, 32768, 64, 324.579681, 21.171836
16384, 32768, 128, 342.183197, 40.165313
16384, 32768, 256, 503.231659, 54.622539
16384, 32768, 512, 820.631470, 66.991803
16384, 32768, 1024, 1469.671875, 74.813409
16384, 32768, 2048, 3359.238281, 65.461961
16384, 32768, 4096, 6851.854980, 64.187677
16384, 32768, 8192, 13502.237305, 65.145448
16384, 32768, 16384, 26866.730469, 65.479445
16384, 32768, 32768, 53758.949219, 65.448400
16384, 32768, 65536, 107824.976562, 65.262007
16384, 65536, 8, 622.390259, 2.760305
16384, 65536, 16, 633.944519, 5.419991
16384, 65536, 32, 640.079773, 10.736080
16384, 65536, 64, 652.531494, 21.062425
16384, 65536, 128, 688.563416, 39.920493
16384, 65536, 256, 999.307190, 55.013695
16384, 65536, 512, 1629.736572, 67.465604
16384, 65536, 1024, 2945.316650, 74.661692
16384, 65536, 2048, 6715.525879, 65.490724
16384, 65536, 4096, 13710.988281, 64.153603
16384, 65536, 8192, 26983.378906, 65.196379
16384, 65536, 16384, 53599.500000, 65.643098
16384, 65536, 32768, 107457.851562, 65.484972
16384, 65536, 65536, 215950.343750, 65.171227
32768, 8, 8, 1.201280, 0.349153
32768, 8, 16, 1.181280, 0.710129
32768, 8, 32, 1.191680, 1.407863
32768, 8, 64, 1.196096, 2.805329
32768, 8, 128, 1.210240, 5.545087
32768, 8, 256, 1.638560, 8.191200
32768, 8, 512, 2.491872, 10.772441
32768, 8, 1024, 4.267360, 12.580867
32768, 8, 2048, 7.854720, 13.670020
32768, 8, 4096, 13.417952, 16.004557
32768, 8, 8192, 23.977089, 17.912797
32768, 8, 16384, 48.549088, 17.693298
32768, 8, 32768, 100.141891, 17.155527
32768, 8, 65536, 205.030396, 16.758363
32768, 16, 8, 1.089568, 0.769902
32768, 16, 16, 1.088704, 1.541026
32768, 16, 32, 1.091264, 3.074823
32768, 16, 64, 1.110528, 6.042969
32768, 16, 128, 1.120000, 11.983726
32768, 16, 256, 1.491520, 17.997442
32768, 16, 512, 2.253184, 23.827210
32768, 16, 1024, 3.850944, 27.882561
32768, 16, 2048, 7.065248, 30.395021
32768, 16, 4096, 12.558368, 34.200044
32768, 16, 8192, 24.457376, 35.122061
32768, 16, 16384, 51.147552, 33.588839
32768, 16, 32768, 104.290237, 32.946265
32768, 16, 65536, 209.486267, 32.803810
32768, 32, 8, 1.184288, 1.416650
32768, 32, 16, 1.183968, 2.834066
32768, 32, 32, 1.214816, 5.524200
32768, 32, 64, 1.220256, 10.999145
32768, 32, 128, 1.260256, 21.300073
32768, 32, 256, 1.675072, 32.050618
32768, 32, 512, 2.518016, 42.642373
32768, 32, 1024, 4.237152, 50.682241
32768, 32, 2048, 7.234560, 59.367360
32768, 32, 4096, 13.033472, 65.906725
32768, 32, 8192, 25.758432, 66.696098
32768, 32, 16384, 54.670719, 62.848521
32768, 32, 32768, 107.645920, 63.838441
32768, 32, 65536, 216.498138, 63.482741
32768, 64, 8, 1.988384, 1.687523
32768, 64, 16, 1.990592, 3.371302
32768, 64, 32, 1.997600, 6.718949
32768, 64, 64, 2.017088, 13.308069
32768, 64, 128, 2.080576, 25.803957
32768, 64, 256, 2.898336, 37.046838
32768, 64, 512, 4.512032, 47.594601
32768, 64, 1024, 7.570432, 56.733449
32768, 64, 2048, 12.500800, 68.715078
32768, 64, 4096, 24.320992, 70.638030
32768, 64, 8192, 52.951614, 64.888934
32768, 64, 16384, 106.225410, 64.692126
32768, 64, 32768, 216.678726, 63.429833
32768, 64, 65536, 430.807770, 63.805234
32768, 128, 8, 3.696576, 1.815433
32768, 128, 16, 3.687200, 3.640099
32768, 128, 32, 3.703776, 7.247616
32768, 128, 64, 3.748832, 14.321018
32768, 128, 128, 3.870848, 27.739189
32768, 128, 256, 4.853504, 44.246045
32768, 128, 512, 7.479936, 57.419839
32768, 128, 1024, 12.813056, 67.040483
32768, 128, 2048, 23.262272, 73.852929
32768, 128, 4096, 52.400639, 65.571221
32768, 128, 8192, 106.400192, 64.585858
32768, 128, 16384, 215.888153, 63.662110
32768, 128, 32768, 430.602814, 63.835604
32768, 128, 65536, 857.923706, 64.079802
32768, 256, 8, 6.997824, 1.917992
32768, 256, 16, 7.008032, 3.830397
32768, 256, 32, 6.404416, 8.382824
32768, 256, 64, 6.404800, 16.764643
32768, 256, 128, 6.585728, 32.608143
32768, 256, 256, 8.694496, 49.398691
32768, 256, 512, 13.910592, 61.751035
32768, 256, 1024, 23.957600, 71.709476
32768, 256, 2048, 52.066238, 65.992358
32768, 256, 4096, 107.254913, 64.071169
32768, 256, 8192, 213.491333, 64.376830
32768, 256, 16384, 427.554962, 64.290660
32768, 256, 32768, 848.544434, 64.788100
32768, 256, 65536, 1699.948853, 64.679101
32768, 512, 8, 13.579392, 1.976785
32768, 512, 16, 12.662528, 4.239840
32768, 512, 32, 12.074016, 8.892997
32768, 512, 64, 11.313184, 18.982133
32768, 512, 128, 11.343072, 37.864234
32768, 512, 256, 16.039648, 53.554383
32768, 512, 512, 25.000799, 68.717280
32768, 512, 1024, 48.796127, 70.414888
32768, 512, 2048, 110.548126, 62.162498
32768, 512, 4096, 214.581223, 64.049851
32768, 512, 8192, 428.387512, 64.165714
32768, 512, 16384, 844.066650, 65.131801
32768, 512, 32768, 1685.544434, 65.231839
32768, 512, 65536, 3384.431641, 64.974669
32768, 1024, 8, 25.941408, 2.069552
32768, 1024, 16, 22.606815, 4.749638
32768, 1024, 32, 20.932447, 10.259114
32768, 1024, 64, 20.738560, 20.710056
32768, 1024, 128, 20.712769, 41.471687
32768, 1024, 256, 30.028896, 57.211124
32768, 1024, 512, 48.788799, 70.425464
32768, 1024, 1024, 111.352638, 61.713380
32768, 1024, 2048, 222.258530, 61.837426
32768, 1024, 4096, 431.911194, 63.642228
32768, 1024, 8192, 843.760803, 65.155410
32768, 1024, 16384, 1677.932251, 65.527772
32768, 1024, 32768, 3359.203613, 65.462637
32768, 1024, 65536, 6741.628906, 65.237149
32768, 2048, 8, 49.226433, 2.181230
32768, 2048, 16, 40.616543, 5.287214
32768, 2048, 32, 39.146626, 10.971488
32768, 2048, 64, 39.517246, 21.737179
32768, 2048, 128, 41.239265, 41.659009
32768, 2048, 256, 61.502655, 55.867081
32768, 2048, 512, 100.429344, 68.425695
32768, 2048, 1024, 229.826080, 59.801287
32768, 2048, 2048, 447.647919, 61.404934
32768, 2048, 4096, 856.499451, 64.186359
32768, 2048, 8192, 1687.056519, 65.173372
32768, 2048, 16384, 3355.484375, 65.535196
32768, 2048, 32768, 6717.703613, 65.469493
32768, 2048, 65536, 13471.719727, 65.293023
32768, 4096, 8, 86.681854, 2.477432
32768, 4096, 16, 77.289536, 5.556984
32768, 4096, 32, 77.858147, 11.032801
32768, 4096, 64, 80.885345, 21.239780
32768, 4096, 128, 85.229668, 40.314293
32768, 4096, 256, 126.013634, 54.533367
32768, 4096, 512, 202.794983, 67.772364
32768, 4096, 1024, 462.981201, 59.371289
32768, 4096, 2048, 886.248352, 62.031801
32768, 4096, 4096, 1713.238525, 64.177382
32768, 4096, 8192, 3376.874023, 65.120086
32768, 4096, 16384, 6710.072754, 65.543947
32768, 4096, 32768, 13450.919922, 65.393988
32768, 4096, 65536, 26964.664062, 65.241629
32768, 8192, 8, 161.677628, 2.656501
32768, 8192, 16, 154.474884, 5.560732
32768, 8192, 32, 158.847198, 10.815343
32768, 8192, 64, 163.273926, 21.044229
32768, 8192, 128, 172.231522, 39.899477
32768, 8192, 256, 255.157791, 53.864298
32768, 8192, 512, 403.193878, 68.175119
32768, 8192, 1024, 914.286194, 60.129511
32768, 8192, 2048, 1768.027954, 62.188588
32768, 8192, 4096, 3432.455078, 64.065609
32768, 8192, 8192, 6747.928223, 65.176249
32768, 8192, 16384, 13427.527344, 65.507914
32768, 8192, 32768, 26889.556641, 65.423861
32768, 8192, 65536, 53937.828125, 65.231347
32768, 16384, 8, 310.666016, 2.765006
32768, 16384, 16, 313.775513, 5.475210
32768, 16384, 32, 323.361389, 10.625801
32768, 16384, 64, 325.997589, 21.079750
32768, 16384, 128, 340.593597, 40.352771
32768, 16384, 256, 499.168884, 55.067116
32768, 16384, 512, 815.648987, 67.401029
32768, 16384, 1024, 1824.436035, 60.265836
32768, 16384, 2048, 3532.809082, 62.245743
32768, 16384, 4096, 6851.709473, 64.189040
32768, 16384, 8192, 13477.390625, 65.265549
32768, 16384, 16384, 26846.544922, 65.528678
32768, 16384, 32768, 53770.550781, 65.434279
32768, 16384, 65536, 107875.523438, 65.231428
32768, 32768, 8, 622.993652, 2.757631
32768, 32768, 16, 634.640808, 5.414045
32768, 32768, 32, 641.312866, 10.715437
32768, 32768, 64, 651.923035, 21.082083
32768, 32768, 128, 686.241577, 40.055560
32768, 32768, 256, 996.844727, 55.149593
32768, 32768, 512, 1633.030151, 67.329536
32768, 32768, 1024, 3649.812012, 60.250316
32768, 32768, 2048, 7072.393555, 62.186111
32768, 32768, 4096, 13718.024414, 64.120698
32768, 32768, 8192, 27035.773438, 65.070031
32768, 32768, 16384, 53800.644531, 65.397678
32768, 32768, 32768, 107585.890625, 65.407038
32768, 32768, 65536, 215975.187500, 65.163730
32768, 65536, 8, 1252.803467, 2.742628
32768, 65536, 16, 1261.393555, 5.447901
32768, 65536, 32, 1280.164429, 10.736039
32768, 65536, 64, 1306.339355, 21.041845
32768, 65536, 128, 1372.365845, 40.058984
32768, 65536, 256, 1989.586060, 55.263336
32768, 65536, 512, 3255.263916, 67.552841
32768, 65536, 1024, 7299.896484, 60.248067
32768, 65536, 2048, 14139.422852, 62.209703
32768, 65536, 4096, 27425.904297, 64.144416
32768, 65536, 8192, 54119.812500, 65.011999
32768, 65536, 16384, 107629.429688, 65.380579
32768, 65536, 32768, 215178.984375, 65.404848
32768, 65536, 65536, 431783.218750, 65.188957
65536, 8, 8, 2.000000, 0.419430
65536, 8, 16, 1.999840, 0.838928
65536, 8, 32, 2.007680, 1.671304
65536, 8, 64, 2.018688, 3.324380
65536, 8, 128, 2.024800, 6.628690
65536, 8, 256, 2.742880, 9.786627
65536, 8, 512, 4.084992, 13.142521
65536, 8, 1024, 7.120160, 15.080304
65536, 8, 2048, 12.545024, 17.118211
65536, 8, 4096, 23.462656, 18.305546
65536, 8, 8192, 49.087391, 17.499269
65536, 8, 16384, 100.571518, 17.082241
65536, 8, 32768, 201.363998, 17.063496
65536, 8, 65536, 403.274231, 17.040384
65536, 16, 8, 1.954464, 0.858405
65536, 16, 16, 1.953728, 1.717457
65536, 16, 32, 1.955744, 3.431373
65536, 16, 64, 1.976384, 6.791075
65536, 16, 128, 1.997088, 13.441344
65536, 16, 256, 2.814720, 19.073689
65536, 16, 512, 4.226784, 25.403280
65536, 16, 1024, 6.880928, 31.209215
65536, 16, 2048, 12.544608, 34.237557
65536, 16, 4096, 23.699232, 36.245624
65536, 16, 8192, 51.123390, 33.604714
65536, 16, 16384, 102.655869, 33.470798
65536, 16, 32768, 204.795776, 33.555124
65536, 16, 65536, 411.443604, 33.404081
65536, 32, 8, 1.997376, 1.679926
65536, 32, 16, 1.996384, 3.361521
65536, 32, 32, 2.027296, 6.620529
65536, 32, 64, 2.047456, 13.110682
65536, 32, 128, 2.100960, 25.553600
65536, 32, 256, 2.920256, 36.768758
65536, 32, 512, 4.595552, 46.729613
65536, 32, 1024, 7.124000, 60.288704
65536, 32, 2048, 12.615968, 68.087798
65536, 32, 4096, 24.852512, 69.127294
65536, 32, 8192, 53.540482, 64.175251
65536, 32, 16384, 106.641762, 64.439555
65536, 32, 32768, 211.272675, 65.052877
65536, 32, 65536, 426.368439, 64.469572
65536, 64, 8, 3.690944, 1.818203
65536, 64, 16, 3.696352, 3.631086
65536, 64, 32, 3.671072, 7.312182
65536, 64, 64, 3.703008, 14.498238
65536, 64, 128, 3.480224, 30.852665
65536, 64, 256, 4.789696, 44.835487
65536, 64, 512, 7.663040, 56.047824
65536, 64, 1024, 12.436352, 69.071177
65536, 64, 2048, 23.678400, 72.555025
65536, 64, 4096, 53.532799, 64.184461
65536, 64, 8192, 106.260284, 64.670895
65536, 64, 16384, 212.740356, 64.604082
65536, 64, 32768, 426.050446, 64.517690
65536, 64, 65536, 847.291626, 64.883896
65536, 128, 8, 6.922752, 1.938792
65536, 128, 16, 6.937696, 3.869231
65536, 128, 32, 6.812704, 7.880438
65536, 128, 64, 6.678720, 16.077060
65536, 128, 128, 6.140064, 34.974941
65536, 128, 256, 8.858880, 48.482057
65536, 128, 512, 13.590400, 63.205901
65536, 128, 1024, 24.969536, 68.803318
65536, 128, 2048, 54.788258, 62.713691
65536, 128, 4096, 107.865150, 63.708692
65536, 128, 8192, 212.401215, 64.707235
65536, 128, 16384, 427.493561, 64.299894
65536, 128, 32768, 847.071106, 64.900787
65536, 128, 65536, 1700.174927, 64.670500
65536, 256, 8, 13.560256, 1.979575
65536, 256, 16, 12.443456, 4.314484
65536, 256, 32, 12.517120, 8.578186
65536, 256, 64, 11.538336, 18.611728
65536, 256, 128, 11.170368, 38.449648
65536, 256, 256, 15.836960, 54.239795
65536, 256, 512, 25.431168, 67.554386
65536, 256, 1024, 55.002720, 62.469162
65536, 256, 2048, 111.724861, 61.507775
65536, 256, 4096, 215.186630, 63.869653
65536, 256, 8192, 426.369141, 64.469466
65536, 256, 16384, 845.266357, 65.039358
65536, 256, 32768, 1685.674072, 65.226822
65536, 256, 65536, 3378.221924, 65.094103
65536, 512, 8, 25.630207, 2.094680
65536, 512, 16, 23.415199, 4.585662
65536, 512, 32, 20.774879, 10.336925
65536, 512, 64, 20.399809, 21.053958
65536, 512, 128, 20.746241, 41.404777
65536, 512, 256, 30.032673, 57.203930
65536, 512, 512, 57.188065, 60.082009
65536, 512, 1024, 116.622688, 58.924621
65536, 512, 2048, 221.350784, 62.091017
65536, 512, 4096, 432.577820, 63.544152
65536, 512, 8192, 847.603699, 64.860006
65536, 512, 16384, 1682.618652, 65.345266
65536, 512, 32768, 3359.069336, 65.465253
65536, 512, 65536, 6759.824219, 65.061551
65536, 1024, 8, 47.568321, 2.257262
65536, 1024, 16, 40.771999, 5.267055
65536, 1024, 32, 39.074818, 10.991650
65536, 1024, 64, 39.557217, 21.715215
65536, 1024, 128, 41.091713, 41.808598
65536, 1024, 256, 62.088482, 55.339956
65536, 1024, 512, 124.031906, 55.404677
65536, 1024, 1024, 235.641830, 58.325363
65536, 1024, 2048, 445.150909, 61.749376
65536, 1024, 4096, 859.499084, 63.962350
65536, 1024, 8192, 1689.644653, 65.073542
65536, 1024, 16384, 3361.863770, 65.410838
65536, 1024, 32768, 6717.675781, 65.469764
65536, 1024, 65536, 13468.078125, 65.310677
65536, 2048, 8, 87.158691, 2.463878
65536, 2048, 16, 77.421600, 5.547505
65536, 2048, 32, 77.691101, 11.056523
65536, 2048, 64, 80.015427, 21.470696
65536, 2048, 128, 84.695328, 40.568635
65536, 2048, 256, 126.839073, 54.178476
65536, 2048, 512, 251.144058, 54.725146
65536, 2048, 1024, 470.949890, 58.366699
65536, 2048, 2048, 885.506775, 62.083750
65536, 2048, 4096, 1717.029785, 64.035676
65536, 2048, 8192, 3379.591309, 65.067727
65536, 2048, 16384, 6705.755859, 65.586141
65536, 2048, 32768, 13438.559570, 65.454136
65536, 2048, 65536, 26964.535156, 65.241941
65536, 4096, 8, 161.045090, 2.666935
65536, 4096, 16, 155.448517, 5.525903
65536, 4096, 32, 158.248093, 10.856288
65536, 4096, 64, 163.025024, 21.076358
65536, 4096, 128, 173.438400, 39.621835
65536, 4096, 256, 263.970062, 52.066114
65536, 4096, 512, 500.226318, 54.950709
65536, 4096, 1024, 935.990479, 58.735193
65536, 4096, 2048, 1767.694580, 62.200317
65536, 4096, 4096, 3429.218750, 64.126071
65536, 4096, 8192, 6752.739746, 65.129809
65536, 4096, 16384, 13425.223633, 65.519155
65536, 4096, 32768, 26888.697266, 65.425952
65536, 4096, 65536, 53949.937500, 65.216706
65536, 8192, 8, 311.984436, 2.753322
65536, 8192, 16, 314.245514, 5.467021
65536, 8192, 32, 323.076263, 10.635179
65536, 8192, 64, 325.222870, 21.129964
65536, 8192, 128, 341.490204, 40.246822
65536, 8192, 256, 511.584503, 53.730695
65536, 8192, 512, 998.112793, 55.079528
65536, 8192, 1024, 1873.721436, 58.680635
65536, 8192, 2048, 3535.205078, 62.203556
65536, 8192, 4096, 6858.165527, 64.128614
65536, 8192, 8192, 13529.136719, 65.015922
65536, 8192, 16384, 26902.089844, 65.393381
65536, 8192, 32768, 53781.304688, 65.421195
65536, 8192, 65536, 107918.976562, 65.205163
65536, 16384, 8, 621.507019, 2.764228
65536, 16384, 16, 633.304504, 5.425469
65536, 16384, 32, 641.584595, 10.710899
65536, 16384, 64, 649.762146, 21.152195
65536, 16384, 128, 690.074524, 39.833076
65536, 16384, 256, 1017.372009, 54.036853
65536, 16384, 512, 1998.907959, 55.005616
65536, 16384, 1024, 3743.921143, 58.735833
65536, 16384, 2048, 7069.332520, 62.213038
65536, 16384, 4096, 13716.548828, 64.127596
65536, 16384, 8192, 27033.087891, 65.076495
65536, 16384, 16384, 53803.117188, 65.394672
65536, 16384, 32768, 107551.257812, 65.428100
65536, 16384, 65536, 215880.140625, 65.192420
65536, 32768, 8, 1253.455566, 2.741201
65536, 32768, 16, 1260.679688, 5.450986
65536, 32768, 32, 1279.503418, 10.741585
65536, 32768, 64, 1305.363647, 21.057573
65536, 32768, 128, 1379.797485, 39.843225
65536, 32768, 256, 2026.903564, 54.245878
65536, 32768, 512, 3989.980713, 55.113631
65536, 32768, 1024, 7489.775879, 58.720669
65536, 32768, 2048, 14141.358398, 62.201189
65536, 32768, 4096, 27420.527344, 64.156994
65536, 32768, 8192, 54069.406250, 65.072607
65536, 32768, 16384, 107616.820312, 65.388239
65536, 32768, 32768, 215036.093750, 65.448310
65536, 32768, 65536, 432037.906250, 65.150528
65536, 65536, 8, 0.000000, inf
65536, 65536, 16, 0.000000, inf
65536, 65536, 32, 0.000000, inf
65536, 65536, 64, 0.000000, inf
65536, 65536, 128, 0.000000, inf
65536, 65536, 256, 0.000000, inf
65536, 65536, 512, 0.000000, inf
65536, 65536, 1024, 0.000000, inf
65536, 65536, 2048, 0.000000, inf
65536, 65536, 4096, 0.000000, inf
65536, 65536, 8192, 0.000000, inf
65536, 65536, 16384, 0.000000, inf
65536, 65536, 32768, 0.000000, inf
65536, 65536, 65536, 0.000000, inf
